#DataThief /Users/shugo/Downloads/HPlimit.png
# DAMIC  eV, chi
1.3014, 5.4866e-11
1.3025, 5.4692e-11
1.3035, 5.4518e-11
1.3035, 5.4344e-11
1.3035, 5.4171e-11
1.3045, 5.3999e-11
1.3045, 5.3827e-11
1.3054, 5.3656e-11
1.3054, 5.3485e-11
1.3054, 5.3315e-11
1.3064, 5.3146e-11
1.3064, 5.2976e-11
1.3064, 5.2808e-11
1.3074, 5.264e-11
1.3074, 5.2472e-11
1.3084, 5.2306e-11
1.3084, 5.2139e-11
1.3084, 5.1973e-11
1.3093, 5.1808e-11
1.3093, 5.1643e-11
1.3093, 5.1478e-11
1.3103, 5.1315e-11
1.3103, 5.1151e-11
1.3113, 5.0989e-11
1.3113, 5.0827e-11
1.3113, 5.0665e-11
1.3123, 5.0504e-11
1.3123, 5.0343e-11
1.3123, 5.0183e-11
1.3132, 5.0023e-11
1.3132, 4.9864e-11
1.3142, 4.9705e-11
1.3142, 4.9547e-11
1.3142, 4.9389e-11
1.3152, 4.9232e-11
1.3152, 4.9076e-11
1.3162, 4.892e-11
1.3162, 4.8764e-11
1.3162, 4.8609e-11
1.3172, 4.8454e-11
1.3172, 4.83e-11
1.3172, 4.8146e-11
1.3182, 4.7993e-11
1.3182, 4.784e-11
1.3191, 4.7688e-11
1.3191, 4.7537e-11
1.3191, 4.7385e-11
1.3201, 4.7235e-11
1.3201, 4.7084e-11
1.3201, 4.6934e-11
1.3211, 4.6785e-11
1.3211, 4.6636e-11
1.3221, 4.6488e-11
1.3221, 4.634e-11
1.3221, 4.6192e-11
1.3231, 4.6046e-11
1.3231, 4.5899e-11
1.3241, 4.5753e-11
1.3241, 4.5607e-11
1.3241, 4.5462e-11
1.3251, 4.5318e-11
1.3251, 4.5174e-11
1.3251, 4.503e-11
1.326, 4.4887e-11
1.326, 4.4744e-11
1.327, 4.4602e-11
1.327, 4.4459e-11
1.327, 4.4318e-11
1.328, 4.4177e-11
1.328, 4.4036e-11
1.328, 4.3896e-11
1.329, 4.3757e-11
1.329, 4.3617e-11
1.33, 4.3479e-11
1.33, 4.334e-11
1.33, 4.3202e-11
1.331, 4.3065e-11
1.331, 4.2928e-11
1.332, 4.2792e-11
1.332, 4.2655e-11
1.332, 4.2519e-11
1.333, 4.2384e-11
1.333, 4.2249e-11
1.333, 4.2115e-11
1.334, 4.1981e-11
1.334, 4.1847e-11
1.335, 4.1714e-11
1.335, 4.1582e-11
1.335, 4.1449e-11
1.336, 4.1318e-11
1.336, 4.1186e-11
1.336, 4.1055e-11
1.337, 4.0924e-11
1.337, 4.0794e-11
1.338, 4.0664e-11
1.338, 4.0535e-11
1.338, 4.0406e-11
1.339, 4.0277e-11
1.339, 4.0149e-11
1.34, 4.0022e-11
1.34, 3.9894e-11
1.34, 3.9767e-11
1.341, 3.9641e-11
1.341, 3.9515e-11
1.341, 3.9389e-11
1.342, 3.9264e-11
1.342, 3.9139e-11
1.343, 3.9014e-11
1.343, 3.889e-11
1.343, 3.8766e-11
1.3439, 3.8643e-11
1.3439, 3.852e-11
1.3439, 3.8397e-11
1.345, 3.8275e-11
1.345, 3.8153e-11
1.346, 3.8032e-11
1.346, 3.7911e-11
1.346, 3.779e-11
1.347, 3.767e-11
1.347, 3.755e-11
1.347, 3.7431e-11
1.3479, 3.7312e-11
1.3479, 3.7193e-11
1.349, 3.7075e-11
1.349, 3.6957e-11
1.349, 3.6839e-11
1.35, 3.6722e-11
1.35, 3.6605e-11
1.351, 3.6489e-11
1.351, 3.6373e-11
1.351, 3.6257e-11
1.3519, 3.6142e-11
1.3519, 3.6027e-11
1.3519, 3.5912e-11
1.353, 3.5798e-11
1.353, 3.5684e-11
1.354, 3.557e-11
1.354, 3.5457e-11
1.354, 3.5344e-11
1.3551, 3.5232e-11
1.3551, 3.512e-11
1.3551, 3.5008e-11
1.3561, 3.4897e-11
1.3561, 3.4785e-11
1.3571, 3.4675e-11
1.3571, 3.4565e-11
1.3571, 3.4454e-11
1.358, 3.4345e-11
1.358, 3.4236e-11
1.3591, 3.4127e-11
1.3591, 3.4018e-11
1.3591, 3.391e-11
1.3601, 3.3802e-11
1.3601, 3.3695e-11
1.3601, 3.3587e-11
1.3611, 3.3481e-11
1.3611, 3.3374e-11
1.3622, 3.3268e-11
1.3622, 3.3162e-11
1.3622, 3.3056e-11
1.3632, 3.2951e-11
1.3632, 3.2846e-11
1.3632, 3.2742e-11
1.3642, 3.2638e-11
1.3642, 3.2534e-11
1.3652, 3.243e-11
1.3652, 3.2327e-11
1.3652, 3.2224e-11
1.3662, 3.2122e-11
1.3662, 3.202e-11
1.3672, 3.1918e-11
1.3672, 3.1816e-11
1.3672, 3.1715e-11
1.3683, 3.1614e-11
1.3683, 3.1513e-11
1.3683, 3.1413e-11
1.3693, 3.1313e-11
1.3693, 3.1214e-11
1.3703, 3.1114e-11
1.3703, 3.1015e-11
1.3703, 3.0917e-11
1.3713, 3.0818e-11
1.3713, 3.072e-11
1.3713, 3.0622e-11
1.3724, 3.0525e-11
1.3724, 3.0428e-11
1.3734, 3.0331e-11
1.3734, 3.0235e-11
1.3734, 3.0138e-11
1.3744, 3.0043e-11
1.3744, 2.9947e-11
1.3744, 2.9852e-11
1.3754, 2.9757e-11
1.3754, 2.9662e-11
1.3765, 2.9568e-11
1.3765, 2.9474e-11
1.3765, 2.938e-11
1.3775, 2.9286e-11
1.3775, 2.9193e-11
1.3785, 2.91e-11
1.3785, 2.9008e-11
1.3785, 2.8915e-11
1.3795, 2.8823e-11
1.3795, 2.8732e-11
1.3795, 2.864e-11
1.3806, 2.8549e-11
1.3806, 2.8458e-11
1.3816, 2.8368e-11
1.3816, 2.8278e-11
1.3816, 2.8187e-11
1.3826, 2.8098e-11
1.3826, 2.8008e-11
1.3826, 2.7919e-11
1.3837, 2.7831e-11
1.3837, 2.7742e-11
1.3847, 2.7654e-11
1.3847, 2.7566e-11
1.3847, 2.7478e-11
1.3857, 2.7391e-11
1.3857, 2.7303e-11
1.3868, 2.7217e-11
1.3868, 2.713e-11
1.3868, 2.7044e-11
1.3878, 2.6958e-11
1.3878, 2.6872e-11
1.3878, 2.6786e-11
1.3888, 2.6701e-11
1.3888, 2.6616e-11
1.3899, 2.6532e-11
1.3899, 2.6447e-11
1.3899, 2.6363e-11
1.3909, 2.6279e-11
1.3909, 2.6195e-11
1.3909, 2.6112e-11
1.392, 2.6029e-11
1.392, 2.5946e-11
1.393, 2.5864e-11
1.393, 2.5781e-11
1.393, 2.5699e-11
1.394, 2.5618e-11
1.394, 2.5536e-11
1.3951, 2.5455e-11
1.3951, 2.5374e-11
1.3951, 2.5293e-11
1.3961, 2.5213e-11
1.3961, 2.5132e-11
1.3961, 2.5052e-11
1.3972, 2.4973e-11
1.3982, 2.4893e-11
1.3982, 2.4814e-11
1.3992, 2.4735e-11
1.3992, 2.4657e-11
1.3992, 2.4578e-11
1.4003, 2.45e-11
1.4013, 2.4422e-11
1.4024, 2.4345e-11
1.4034, 2.4267e-11
1.4045, 2.419e-11
1.4055, 2.4113e-11
1.4066, 2.4037e-11
1.4076, 2.396e-11
1.4087, 2.3884e-11
1.4097, 2.3808e-11
1.4108, 2.3733e-11
1.4118, 2.3657e-11
1.4129, 2.3582e-11
1.4139, 2.3507e-11
1.415, 2.3433e-11
1.4161, 2.3358e-11
1.4171, 2.3284e-11
1.4182, 2.321e-11
1.4192, 2.3136e-11
1.4203, 2.3063e-11
1.4213, 2.299e-11
1.4224, 2.2917e-11
1.4235, 2.2844e-11
1.4235, 2.2771e-11
1.4245, 2.2699e-11
1.4256, 2.2627e-11
1.4267, 2.2555e-11
1.4277, 2.2555e-11
1.4288, 2.2555e-11
1.4299, 2.2555e-11
1.4309, 2.2484e-11
1.432, 2.2412e-11
1.4331, 2.2341e-11
1.4341, 2.227e-11
1.4352, 2.2199e-11
1.4363, 2.2129e-11
1.4373, 2.2059e-11
1.4384, 2.1988e-11
1.4395, 2.1919e-11
1.4405, 2.1849e-11
1.4416, 2.178e-11
1.4416, 2.171e-11
1.4416, 2.1641e-11
1.4426, 2.1641e-11
1.4426, 2.1572e-11
1.4438, 2.1572e-11
1.4438, 2.1504e-11
1.4449, 2.1504e-11
1.4449, 2.1435e-11
1.446, 2.1436e-11
1.446, 2.1367e-11
1.447, 2.1368e-11
1.4481, 2.13e-11
1.4492, 2.1232e-11
1.4503, 2.1165e-11
1.4503, 2.1097e-11
1.4503, 2.103e-11
1.4503, 2.0963e-11
1.4514, 2.0896e-11
1.4524, 2.083e-11
1.4535, 2.0764e-11
1.4546, 2.0698e-11
1.4557, 2.0632e-11
1.4567, 2.0567e-11
1.4579, 2.0501e-11
1.459, 2.0436e-11
1.46, 2.0371e-11
1.4611, 2.0307e-11
1.4622, 2.0242e-11
1.4633, 2.0178e-11
1.4644, 2.0114e-11
1.4655, 2.005e-11
1.4666, 1.9986e-11
1.4677, 1.9923e-11
1.4687, 1.9859e-11
1.4699, 1.9796e-11
1.471, 1.9733e-11
1.4721, 1.9671e-11
1.4732, 1.9608e-11
1.4743, 1.9546e-11
1.4754, 1.9484e-11
1.4765, 1.9422e-11
1.4765, 1.936e-11
1.4776, 1.9299e-11
1.4787, 1.9237e-11
1.4798, 1.9237e-11
1.4809, 1.9238e-11
1.482, 1.9238e-11
1.483, 1.9177e-11
1.4842, 1.9116e-11
1.4853, 1.9055e-11
1.4864, 1.8994e-11
1.4875, 1.8934e-11
1.4886, 1.8874e-11
1.4898, 1.8814e-11
1.4909, 1.8754e-11
1.492, 1.8695e-11
1.4931, 1.8635e-11
1.4942, 1.8576e-11
1.4953, 1.8517e-11
1.4953, 1.8458e-11
1.4953, 1.8399e-11
1.4964, 1.84e-11
1.4964, 1.8341e-11
1.4976, 1.8341e-11
1.4976, 1.8283e-11
1.4987, 1.8283e-11
1.4998, 1.8283e-11
1.5009, 1.8225e-11
1.502, 1.8167e-11
1.5032, 1.8109e-11
1.5043, 1.8052e-11
1.5053, 1.7994e-11
1.5065, 1.7995e-11
1.5077, 1.7937e-11
1.5077, 1.788e-11
1.5088, 1.788e-11
1.5088, 1.7823e-11
1.5099, 1.7824e-11
1.5099, 1.7767e-11
1.511, 1.7767e-11
1.511, 1.771e-11
1.5122, 1.7711e-11
1.5133, 1.7711e-11
1.5144, 1.7654e-11
1.5154, 1.7598e-11
1.5167, 1.7542e-11
1.5178, 1.7487e-11
1.5189, 1.7431e-11
1.5201, 1.7431e-11
1.5211, 1.7376e-11
1.5223, 1.7321e-11
1.5234, 1.7266e-11
1.5246, 1.7211e-11
1.5258, 1.7156e-11
1.5269, 1.7102e-11
1.528, 1.7102e-11
1.5292, 1.7048e-11
1.5303, 1.6993e-11
1.5314, 1.6939e-11
1.5326, 1.6886e-11
1.5338, 1.6832e-11
1.5349, 1.6832e-11
1.536, 1.6779e-11
1.5372, 1.6725e-11
1.5383, 1.6672e-11
1.5394, 1.6619e-11
1.5406, 1.6566e-11
1.5417, 1.6567e-11
1.5429, 1.6514e-11
1.5441, 1.6462e-11
1.5452, 1.6409e-11
1.5464, 1.6357e-11
1.5474, 1.6305e-11
1.5487, 1.6305e-11
1.5499, 1.6254e-11
1.551, 1.6202e-11
1.5522, 1.615e-11
1.5533, 1.6099e-11
1.5545, 1.6048e-11
1.5556, 1.6048e-11
1.5568, 1.5997e-11
1.558, 1.5946e-11
1.5591, 1.5896e-11
1.5603, 1.5845e-11
1.5615, 1.5795e-11
1.5626, 1.5795e-11
1.5638, 1.5745e-11
1.565, 1.5695e-11
1.5661, 1.5645e-11
1.5673, 1.5595e-11
1.5685, 1.5546e-11
1.5695, 1.5546e-11
1.5708, 1.5496e-11
1.572, 1.5447e-11
1.5732, 1.5398e-11
1.5743, 1.5349e-11
1.5755, 1.53e-11
1.5767, 1.5301e-11
1.5779, 1.5252e-11
1.579, 1.5204e-11
1.5802, 1.5155e-11
1.5814, 1.5107e-11
1.5826, 1.5059e-11
1.5838, 1.5059e-11
1.5849, 1.5011e-11
1.5861, 1.4964e-11
1.5873, 1.4916e-11
1.5885, 1.4916e-11
1.5885, 1.4869e-11
1.5897, 1.4822e-11
1.5909, 1.4822e-11
1.592, 1.4775e-11
1.592, 1.4728e-11
1.5932, 1.4728e-11
1.5944, 1.4681e-11
1.5956, 1.4634e-11
1.5968, 1.4588e-11
1.5979, 1.4541e-11
1.5979, 1.4495e-11
1.5992, 1.4495e-11
1.6004, 1.4449e-11
1.6016, 1.4449e-11
1.6028, 1.4403e-11
1.604, 1.4358e-11
1.6052, 1.4358e-11
1.6064, 1.4312e-11
1.6076, 1.4312e-11
1.6088, 1.4267e-11
1.6099, 1.4267e-11
1.6112, 1.4222e-11
1.6124, 1.4176e-11
1.6136, 1.4177e-11
1.6148, 1.4132e-11
1.616, 1.4132e-11
1.6172, 1.4087e-11
1.6183, 1.4087e-11
1.6196, 1.4042e-11
1.6208, 1.4042e-11
1.6219, 1.3998e-11
1.6232, 1.3953e-11
1.6245, 1.3953e-11
1.6257, 1.3909e-11
1.6269, 1.3909e-11
1.628, 1.3865e-11
1.6293, 1.3865e-11
1.6305, 1.3821e-11
1.6317, 1.3777e-11
1.633, 1.3777e-11
1.6341, 1.3733e-11
1.6354, 1.3734e-11
1.6366, 1.369e-11
1.6378, 1.369e-11
1.6391, 1.3647e-11
1.6402, 1.3647e-11
1.6415, 1.3603e-11
1.6427, 1.356e-11
1.644, 1.356e-11
1.6452, 1.3517e-11
1.6463, 1.3517e-11
1.6476, 1.3474e-11
1.6489, 1.3474e-11
1.6501, 1.3432e-11
1.6513, 1.3389e-11
1.6526, 1.3389e-11
1.6538, 1.3347e-11
1.655, 1.3347e-11
1.6562, 1.3304e-11
1.6575, 1.3304e-11
1.6587, 1.3262e-11
1.66, 1.3262e-11
1.6612, 1.322e-11
1.6625, 1.3178e-11
1.6637, 1.3178e-11
1.6649, 1.3136e-11
1.6662, 1.3136e-11
1.6674, 1.3095e-11
1.6686, 1.3095e-11
1.6699, 1.3053e-11
1.6712, 1.3012e-11
1.6724, 1.3012e-11
1.6737, 1.2971e-11
1.6749, 1.2971e-11
1.6762, 1.2929e-11
1.6774, 1.293e-11
1.6787, 1.2889e-11
1.6799, 1.2889e-11
1.6812, 1.2848e-11
1.6824, 1.2807e-11
1.6837, 1.2807e-11
1.6848, 1.2766e-11
1.6862, 1.2766e-11
1.6875, 1.2726e-11
1.6886, 1.2726e-11
1.69, 1.2686e-11
1.6912, 1.2645e-11
1.6925, 1.2645e-11
1.6938, 1.2605e-11
1.6949, 1.2605e-11
1.6963, 1.2565e-11
1.6976, 1.2565e-11
1.6987, 1.2565e-11
1.7001, 1.2526e-11
1.7014, 1.2526e-11
1.7026, 1.2486e-11
1.7039, 1.2486e-11
1.7052, 1.2446e-11
1.7065, 1.2446e-11
1.7077, 1.2446e-11
1.709, 1.2407e-11
1.7103, 1.2407e-11
1.7116, 1.2368e-11
1.7128, 1.2368e-11
1.7141, 1.2328e-11
1.7154, 1.2329e-11
1.7167, 1.2329e-11
1.718, 1.2289e-11
1.7191, 1.229e-11
1.7205, 1.2251e-11
1.7218, 1.2251e-11
1.7231, 1.2212e-11
1.7244, 1.2212e-11
1.7257, 1.2212e-11
1.7269, 1.2173e-11
1.7282, 1.2173e-11
1.7295, 1.2135e-11
1.7308, 1.2135e-11
1.7321, 1.2096e-11
1.7334, 1.2096e-11
1.7347, 1.2096e-11
1.736, 1.2058e-11
1.7372, 1.2058e-11
1.7386, 1.202e-11
1.7399, 1.202e-11
1.7412, 1.1982e-11
1.7425, 1.1982e-11
1.7438, 1.1982e-11
1.745, 1.1944e-11
1.7464, 1.1944e-11
1.7477, 1.1906e-11
1.749, 1.1906e-11
1.7503, 1.1868e-11
1.7516, 1.1868e-11
1.7529, 1.1868e-11
1.7542, 1.1831e-11
1.7555, 1.1831e-11
1.7568, 1.1793e-11
1.7582, 1.1793e-11
1.7595, 1.1756e-11
1.7608, 1.1756e-11
1.7621, 1.1756e-11
1.7633, 1.1719e-11
1.7647, 1.1719e-11
1.766, 1.1682e-11
1.7673, 1.1682e-11
1.7687, 1.1645e-11
1.77, 1.1645e-11
1.7713, 1.1608e-11
1.7726, 1.1608e-11
1.774, 1.1608e-11
1.7753, 1.1571e-11
1.7766, 1.1571e-11
1.7779, 1.1534e-11
1.7793, 1.1534e-11
1.7806, 1.1498e-11
1.7819, 1.1498e-11
1.7833, 1.1498e-11
1.7846, 1.1461e-11
1.7859, 1.1462e-11
1.7873, 1.1425e-11
1.7886, 1.1425e-11
1.7899, 1.1389e-11
1.7913, 1.1389e-11
1.7926, 1.1389e-11
1.7939, 1.1353e-11
1.7953, 1.1353e-11
1.7966, 1.1317e-11
1.798, 1.1317e-11
1.7993, 1.1281e-11
1.8006, 1.1281e-11
1.802, 1.1245e-11
1.8033, 1.1245e-11
1.8047, 1.121e-11
1.806, 1.1174e-11
1.8074, 1.1174e-11
1.8087, 1.1139e-11
1.8101, 1.1139e-11
1.8114, 1.1103e-11
1.8128, 1.1104e-11
1.8141, 1.1068e-11
1.8155, 1.1068e-11
1.8168, 1.1033e-11
1.8182, 1.1033e-11
1.8195, 1.0998e-11
1.8209, 1.0998e-11
1.8223, 1.0963e-11
1.8235, 1.0964e-11
1.825, 1.0929e-11
1.8263, 1.0929e-11
1.8277, 1.0894e-11
1.8291, 1.0894e-11
1.8304, 1.086e-11
1.8317, 1.086e-11
1.8332, 1.0825e-11
1.8345, 1.0825e-11
1.8359, 1.0791e-11
1.8373, 1.0791e-11
1.8387, 1.0757e-11
1.8399, 1.0757e-11
1.8414, 1.0723e-11
1.8428, 1.0723e-11
1.8441, 1.0689e-11
1.8455, 1.0689e-11
1.8469, 1.0655e-11
1.8483, 1.0655e-11
1.8497, 1.0621e-11
1.851, 1.0621e-11
1.8524, 1.0587e-11
1.8538, 1.0587e-11
1.8552, 1.0554e-11
1.8566, 1.052e-11
1.858, 1.052e-11
1.8594, 1.0487e-11
1.8607, 1.0487e-11
1.862, 1.0454e-11
1.8635, 1.0454e-11
1.8649, 1.0421e-11
1.8662, 1.0421e-11
1.8677, 1.0388e-11
1.8691, 1.0388e-11
1.8705, 1.0355e-11
1.8719, 1.0355e-11
1.8733, 1.0322e-11
1.8747, 1.0322e-11
1.8761, 1.0289e-11
1.8775, 1.0289e-11
1.8789, 1.0257e-11
1.8803, 1.0257e-11
1.8817, 1.0224e-11
1.8831, 1.0224e-11
1.8845, 1.0192e-11
1.8859, 1.0192e-11
1.8873, 1.0159e-11
1.8887, 1.0159e-11
1.8901, 1.0127e-11
1.8915, 1.0127e-11
1.8929, 1.0095e-11
1.8944, 1.0095e-11
1.8958, 1.0063e-11
1.8972, 1.0063e-11
1.8986, 1.0031e-11
1.9, 1.0031e-11
1.9014, 9.9994e-12
1.9029, 9.9995e-12
1.9043, 9.9678e-12
1.9057, 9.9678e-12
1.9071, 9.9362e-12
1.9085, 9.9363e-12
1.91, 9.9047e-12
1.9114, 9.9048e-12
1.9127, 9.8733e-12
1.9143, 9.8734e-12
1.9157, 9.842e-12
1.9171, 9.8421e-12
1.9184, 9.8109e-12
1.92, 9.8109e-12
1.9214, 9.7798e-12
1.9228, 9.7799e-12
1.9243, 9.7488e-12
1.9257, 9.7489e-12
1.9272, 9.7179e-12
1.9285, 9.718e-12
1.93, 9.6871e-12
1.9315, 9.6872e-12
1.9329, 9.6564e-12
1.9344, 9.6565e-12
1.9358, 9.6258e-12
1.9372, 9.6259e-12
1.9386, 9.5953e-12
1.9401, 9.5954e-12
1.9416, 9.5649e-12
1.943, 9.565e-12
1.9445, 9.5346e-12
1.9459, 9.5347e-12
1.9474, 9.5044e-12
1.9487, 9.5045e-12
1.9503, 9.4743e-12
1.9518, 9.4744e-12
1.9532, 9.4443e-12
1.9546, 9.4444e-12
1.9561, 9.4144e-12
1.9576, 9.4144e-12
1.959, 9.3845e-12
1.9605, 9.3846e-12
1.962, 9.3548e-12
1.9634, 9.3549e-12
1.9649, 9.3252e-12
1.9664, 9.3252e-12
1.9678, 9.2956e-12
1.9693, 9.2957e-12
1.9708, 9.2662e-12
1.9722, 9.2663e-12
1.9737, 9.2368e-12
1.9752, 9.2369e-12
1.9767, 9.2076e-12
1.9781, 9.2076e-12
1.9796, 9.1784e-12
1.9811, 9.1785e-12
1.9826, 9.1493e-12
1.9841, 9.1494e-12
1.9855, 9.1203e-12
1.987, 9.1204e-12
1.9885, 9.0914e-12
1.99, 9.0915e-12
1.9915, 9.0626e-12
1.9929, 9.0627e-12
1.9944, 9.0339e-12
1.9959, 9.034e-12
1.9973, 9.0053e-12
1.9989, 9.0054e-12
2.0004, 8.9767e-12
2.0019, 8.9768e-12
2.0034, 8.9483e-12
2.0049, 8.9199e-12
2.0064, 8.92e-12
2.0079, 8.8916e-12
2.0094, 8.8917e-12
2.0109, 8.8635e-12
2.0124, 8.8353e-12
2.0139, 8.8354e-12
2.0154, 8.8073e-12
2.0169, 8.8074e-12
2.0184, 8.7794e-12
2.0199, 8.7515e-12
2.0214, 8.7516e-12
2.0229, 8.7238e-12
2.0244, 8.7239e-12
2.0259, 8.6961e-12
2.0275, 8.6685e-12
2.029, 8.6686e-12
2.0305, 8.6411e-12
2.032, 8.6136e-12
2.0335, 8.6137e-12
2.035, 8.5863e-12
2.0366, 8.5864e-12
2.0381, 8.5591e-12
2.0396, 8.5319e-12
2.0411, 8.532e-12
2.0426, 8.5049e-12
2.0442, 8.505e-12
2.0457, 8.4779e-12
2.0472, 8.451e-12
2.0487, 8.4511e-12
2.0503, 8.4242e-12
2.0518, 8.4243e-12
2.0533, 8.3976e-12
2.0549, 8.3709e-12
2.0564, 8.3709e-12
2.0579, 8.3444e-12
2.0594, 8.3444e-12
2.061, 8.3179e-12
2.0626, 8.2915e-12
2.0641, 8.2916e-12
2.0656, 8.2652e-12
2.0672, 8.239e-12
2.0687, 8.239e-12
2.0703, 8.2129e-12
2.0718, 8.2129e-12
2.0734, 8.1869e-12
2.0749, 8.1608e-12
2.0765, 8.1609e-12
2.078, 8.135e-12
2.0796, 8.1351e-12
2.0811, 8.1092e-12
2.0827, 8.0835e-12
2.0842, 8.0835e-12
2.0858, 8.0578e-12
2.0873, 8.0579e-12
2.0889, 8.0323e-12
2.0904, 8.0068e-12
2.092, 8.0069e-12
2.0936, 7.9814e-12
2.0951, 7.9815e-12
2.0967, 7.9561e-12
2.0983, 7.9309e-12
2.0998, 7.9309e-12
2.1014, 7.9057e-12
2.103, 7.9058e-12
2.1045, 7.8807e-12
2.1061, 7.8808e-12
2.1077, 7.8557e-12
2.1092, 7.8558e-12
2.1108, 7.8308e-12
2.1124, 7.8309e-12
2.114, 7.806e-12
2.1155, 7.8061e-12
2.1171, 7.7813e-12
2.1187, 7.7814e-12
2.1203, 7.7566e-12
2.1219, 7.7567e-12
2.1235, 7.7321e-12
2.125, 7.7321e-12
2.1266, 7.7076e-12
2.1282, 7.7076e-12
2.1298, 7.6832e-12
2.1314, 7.6832e-12
2.133, 7.6588e-12
2.1346, 7.6589e-12
2.1362, 7.6345e-12
2.1378, 7.6346e-12
2.1394, 7.6104e-12
2.141, 7.6104e-12
2.1426, 7.5862e-12
2.1442, 7.5863e-12
2.1458, 7.5622e-12
2.1474, 7.5623e-12
2.149, 7.5383e-12
2.1506, 7.5383e-12
2.1522, 7.5144e-12
2.1538, 7.5144e-12
2.1554, 7.4906e-12
2.157, 7.4906e-12
2.1586, 7.4907e-12
2.1602, 7.4669e-12
2.1618, 7.467e-12
2.1634, 7.4432e-12
2.1651, 7.4433e-12
2.1651, 7.4196e-12
2.1667, 7.4197e-12
2.1683, 7.4197e-12
2.1699, 7.3961e-12
2.1715, 7.3962e-12
2.1731, 7.3727e-12
2.1748, 7.3728e-12
2.1764, 7.3728e-12
2.178, 7.3494e-12
2.1796, 7.3495e-12
2.1813, 7.3261e-12
2.1829, 7.3262e-12
2.1844, 7.3029e-12
2.1862, 7.303e-12
2.1878, 7.2798e-12
2.1894, 7.2798e-12
2.1911, 7.2799e-12
2.1927, 7.2568e-12
2.1943, 7.2337e-12
2.196, 7.2338e-12
2.1976, 7.2338e-12
2.1992, 7.2339e-12
2.2009, 7.2109e-12
2.2025, 7.211e-12
2.2042, 7.1881e-12
2.2058, 7.1881e-12
2.2075, 7.1653e-12
2.2091, 7.1425e-12
2.2107, 7.1426e-12
2.2124, 7.1199e-12
2.2141, 7.12e-12
2.2157, 7.12e-12
2.2174, 7.0974e-12
2.219, 7.0975e-12
2.2207, 7.0749e-12
2.2223, 7.075e-12
2.2223, 7.0525e-12
2.224, 7.0525e-12
2.2257, 7.0526e-12
2.2273, 7.0526e-12
2.229, 7.0527e-12
2.2306, 7.0527e-12
2.2323, 7.0528e-12
2.234, 7.0529e-12
2.2356, 7.0529e-12
2.2373, 7.053e-12
2.2389, 7.053e-12
2.2407, 7.0531e-12
2.2423, 7.0532e-12
2.244, 7.0532e-12
2.2457, 7.0533e-12
2.2474, 7.0533e-12
2.249, 7.0534e-12
2.2507, 7.0534e-12
2.2524, 7.031e-12
2.2541, 7.0311e-12
2.2541, 7.0087e-12
2.2558, 6.9864e-12
2.2574, 6.9865e-12
2.2591, 6.9643e-12
2.2591, 6.9421e-12
2.2608, 6.9422e-12
2.2625, 6.9201e-12
2.2642, 6.9202e-12
2.2642, 6.8982e-12
2.2659, 6.8762e-12
2.2676, 6.8763e-12
2.2692, 6.8545e-12
2.2692, 6.8326e-12
2.271, 6.8327e-12
2.2726, 6.811e-12
2.2743, 6.811e-12
2.276, 6.7894e-12
2.2777, 6.7895e-12
2.2793, 6.7895e-12
2.2811, 6.7679e-12
2.2828, 6.768e-12
2.2845, 6.7465e-12
2.2863, 6.7466e-12
2.288, 6.7466e-12
2.2897, 6.7252e-12
2.2913, 6.7252e-12
2.2931, 6.7039e-12
2.2948, 6.7039e-12
2.2965, 6.6826e-12
2.2982, 6.6827e-12
2.2999, 6.6615e-12
2.3017, 6.6615e-12
2.3034, 6.6404e-12
2.3051, 6.6404e-12
2.3068, 6.6193e-12
2.3085, 6.6194e-12
2.3103, 6.6194e-12
2.312, 6.5984e-12
2.3136, 6.5985e-12
2.3154, 6.5775e-12
2.3172, 6.5776e-12
2.3172, 6.5566e-12
2.3189, 6.5567e-12
2.3206, 6.5567e-12
2.3224, 6.5359e-12
2.3241, 6.5359e-12
2.3258, 6.5152e-12
2.3276, 6.5152e-12
2.3293, 6.5153e-12
2.331, 6.4946e-12
2.3328, 6.4946e-12
2.3345, 6.4947e-12
2.3363, 6.4741e-12
2.338, 6.4535e-12
2.3397, 6.433e-12
2.3415, 6.4331e-12
2.3432, 6.4126e-12
2.345, 6.4127e-12
2.3467, 6.3923e-12
2.3485, 6.3924e-12
2.3503, 6.372e-12
2.3519, 6.3721e-12
2.3538, 6.3722e-12
2.3555, 6.3519e-12
2.3573, 6.352e-12
2.359, 6.3318e-12
2.3608, 6.3318e-12
2.3626, 6.3117e-12
2.3643, 6.3118e-12
2.3643, 6.2917e-12
2.366, 6.2917e-12
2.3679, 6.2717e-12
2.3696, 6.2718e-12
2.3714, 6.2519e-12
2.3732, 6.232e-12
2.3749, 6.2321e-12
2.3767, 6.2123e-12
2.3785, 6.2123e-12
2.3803, 6.1926e-12
2.382, 6.1926e-12
2.3838, 6.173e-12
2.3856, 6.1534e-12
2.3874, 6.1534e-12
2.3892, 6.1535e-12
2.3909, 6.1339e-12
2.3927, 6.134e-12
2.3945, 6.1145e-12
2.3963, 6.1145e-12
2.3981, 6.0951e-12
2.3999, 6.0952e-12
2.4017, 6.0758e-12
2.4035, 6.0758e-12
2.4053, 6.0565e-12
2.407, 6.0566e-12
2.4088, 6.0566e-12
2.4106, 6.0567e-12
2.4123, 6.0567e-12
2.4142, 6.0568e-12
2.416, 6.0376e-12
2.4178, 6.0376e-12
2.4197, 6.0184e-12
2.4215, 6.0185e-12
2.4233, 5.9994e-12
2.4251, 5.9994e-12
2.4269, 5.9804e-12
2.4287, 5.9804e-12
2.4304, 5.9805e-12
2.4323, 5.9615e-12
2.4341, 5.9615e-12
2.436, 5.9426e-12
2.4378, 5.9426e-12
2.4396, 5.9427e-12
2.4414, 5.9238e-12
2.4432, 5.905e-12
2.4451, 5.905e-12
2.4451, 5.8862e-12
2.4469, 5.8863e-12
2.4487, 5.8863e-12
2.4505, 5.8676e-12
2.4524, 5.8677e-12
2.4542, 5.849e-12
2.456, 5.8491e-12
2.4579, 5.8305e-12
2.4597, 5.8305e-12
2.4615, 5.812e-12
2.4634, 5.8121e-12
2.4634, 5.7936e-12
2.4652, 5.7936e-12
2.4671, 5.7752e-12
2.4689, 5.7753e-12
2.4707, 5.7569e-12
2.4726, 5.757e-12
2.4744, 5.7387e-12
2.4763, 5.7387e-12
2.4763, 5.7204e-12
2.4781, 5.7205e-12
2.48, 5.7023e-12
2.4818, 5.7024e-12
2.4837, 5.6842e-12
2.4855, 5.6843e-12
2.4874, 5.6843e-12
2.4892, 5.6844e-12
2.491, 5.6844e-12
2.4929, 5.6845e-12
2.4948, 5.6845e-12
2.4967, 5.6846e-12
2.4985, 5.6846e-12
2.5004, 5.6847e-12
2.5023, 5.6847e-12
2.5041, 5.6848e-12
2.506, 5.6848e-12
2.5079, 5.6849e-12
2.5098, 5.6849e-12
2.5116, 5.685e-12
2.5135, 5.685e-12
2.5154, 5.685e-12
2.5173, 5.6851e-12
2.5191, 5.6851e-12
2.521, 5.6852e-12
2.521, 5.6671e-12
2.5229, 5.6491e-12
2.5229, 5.6311e-12
2.5229, 5.6132e-12
2.5229, 5.5953e-12
2.5248, 5.5775e-12
2.5248, 5.5597e-12
2.5248, 5.542e-12
2.5248, 5.5244e-12
2.5267, 5.5068e-12
2.5267, 5.4893e-12
2.5286, 5.4893e-12
2.5304, 5.4719e-12
2.5323, 5.4545e-12
2.5342, 5.4372e-12
2.5361, 5.4199e-12
2.538, 5.4027e-12
2.5399, 5.4028e-12
2.5399, 5.3856e-12
2.5417, 5.3856e-12
2.5436, 5.3685e-12
2.5455, 5.3685e-12
2.5455, 5.3514e-12
2.5474, 5.3515e-12
2.5493, 5.3345e-12
2.5513, 5.3345e-12
2.5513, 5.3175e-12
2.5532, 5.3176e-12
2.5551, 5.3007e-12
2.557, 5.3007e-12
2.557, 5.2839e-12
2.5589, 5.2839e-12
2.5608, 5.2671e-12
2.5627, 5.2672e-12
2.5627, 5.2504e-12
2.5647, 5.2504e-12
2.5666, 5.2337e-12
2.5685, 5.2338e-12
2.5685, 5.2171e-12
2.5704, 5.2172e-12
2.5723, 5.2006e-12
2.5742, 5.2006e-12
2.5742, 5.1841e-12
2.5762, 5.1841e-12
2.5781, 5.1842e-12
2.58, 5.1677e-12
2.5819, 5.1513e-12
2.5838, 5.1349e-12
2.5857, 5.135e-12
2.5857, 5.1186e-12
2.5877, 5.1186e-12
2.5897, 5.1024e-12
2.5916, 5.1024e-12
2.5916, 5.0862e-12
2.5935, 5.0862e-12
2.5955, 5.0863e-12
2.5974, 5.0701e-12
2.5993, 5.054e-12
2.6013, 5.054e-12
2.6032, 5.038e-12
2.6052, 5.022e-12
2.6071, 5.022e-12
2.6091, 5.0061e-12
2.611, 5.0061e-12
2.6129, 4.9902e-12
2.6149, 4.9744e-12
2.6168, 4.9744e-12
2.6188, 4.9586e-12
2.6208, 4.9428e-12
2.6227, 4.9429e-12
2.6247, 4.9272e-12
2.6266, 4.9272e-12
2.6286, 4.9116e-12
2.6306, 4.896e-12
2.6324, 4.896e-12
2.6345, 4.8805e-12
2.6364, 4.8805e-12
2.6383, 4.865e-12
2.6404, 4.8495e-12
2.6423, 4.8496e-12
2.6442, 4.8342e-12
2.6463, 4.8188e-12
2.6482, 4.8189e-12
2.6503, 4.8036e-12
2.6522, 4.8036e-12
2.6542, 4.7883e-12
2.6562, 4.7731e-12
2.6582, 4.7732e-12
2.6602, 4.758e-12
2.6621, 4.7429e-12
2.6641, 4.7429e-12
2.6661, 4.7279e-12
2.6681, 4.7279e-12
2.6701, 4.7129e-12
2.6721, 4.6979e-12
2.6741, 4.698e-12
2.6761, 4.683e-12
2.6781, 4.6831e-12
2.6801, 4.6682e-12
2.6821, 4.6534e-12
2.6841, 4.6534e-12
2.6861, 4.6386e-12
2.6881, 4.6239e-12
2.6901, 4.6239e-12
2.6921, 4.6092e-12
2.6941, 4.6093e-12
2.6961, 4.5946e-12
2.6981, 4.5947e-12
2.7002, 4.5947e-12
2.7022, 4.5801e-12
2.7042, 4.5802e-12
2.7062, 4.5802e-12
2.7082, 4.5656e-12
2.7103, 4.5657e-12
2.7123, 4.5657e-12
2.7143, 4.5512e-12
2.7163, 4.5513e-12
2.7184, 4.5513e-12
2.7204, 4.5368e-12
2.7224, 4.5369e-12
2.7244, 4.5369e-12
2.7265, 4.5225e-12
2.7285, 4.5225e-12
2.7305, 4.5226e-12
2.7326, 4.5082e-12
2.7346, 4.5082e-12
2.7367, 4.5083e-12
2.7387, 4.494e-12
2.7408, 4.494e-12
2.7428, 4.494e-12
2.7448, 4.4798e-12
2.7469, 4.4798e-12
2.7489, 4.4798e-12
2.751, 4.4656e-12
2.753, 4.4656e-12
2.7551, 4.4515e-12
2.7572, 4.4515e-12
2.7591, 4.4515e-12
2.7612, 4.4374e-12
2.7633, 4.4374e-12
2.7654, 4.4375e-12
2.7675, 4.4375e-12
2.7694, 4.4234e-12
2.7715, 4.4234e-12
2.7737, 4.4094e-12
2.7757, 4.4094e-12
2.7778, 4.4095e-12
2.7778, 4.3954e-12
2.7799, 4.3955e-12
2.782, 4.3955e-12
2.784, 4.3815e-12
2.7861, 4.3816e-12
2.7882, 4.3676e-12
2.7903, 4.3677e-12
2.7924, 4.3677e-12
2.7944, 4.3678e-12
2.7965, 4.3539e-12
2.7986, 4.3539e-12
2.8007, 4.354e-12
2.8028, 4.3401e-12
2.8049, 4.3402e-12
2.807, 4.3402e-12
2.8091, 4.3264e-12
2.8112, 4.3264e-12
2.8133, 4.3265e-12
2.8154, 4.3265e-12
2.8175, 4.3128e-12
2.8195, 4.3128e-12
2.8216, 4.3128e-12
2.8237, 4.3129e-12
2.8258, 4.2992e-12
2.8279, 4.2992e-12
2.83, 4.2992e-12
2.8322, 4.2993e-12
2.8343, 4.2856e-12
2.8365, 4.2857e-12
2.8386, 4.2857e-12
2.8407, 4.2857e-12
2.8428, 4.2858e-12
2.8449, 4.2722e-12
2.8471, 4.2722e-12
2.8492, 4.2722e-12
2.8513, 4.2723e-12
2.8534, 4.2587e-12
2.8556, 4.2587e-12
2.8577, 4.2588e-12
2.8598, 4.2588e-12
2.862, 4.2453e-12
2.8641, 4.2453e-12
2.8662, 4.2453e-12
2.8683, 4.2454e-12
2.8705, 4.2319e-12
2.8727, 4.2319e-12
2.8748, 4.232e-12
2.877, 4.232e-12
2.8791, 4.2186e-12
2.8813, 4.2186e-12
2.8834, 4.2186e-12
2.8856, 4.2187e-12
2.8877, 4.2053e-12
2.8899, 4.2053e-12
2.892, 4.2053e-12
2.8942, 4.192e-12
2.8963, 4.192e-12
2.8984, 4.192e-12
2.9007, 4.1921e-12
2.9028, 4.1788e-12
2.905, 4.1788e-12
2.9072, 4.1788e-12
2.9093, 4.1789e-12
2.9115, 4.1656e-12
2.9137, 4.1656e-12
2.9159, 4.1657e-12
2.918, 4.1524e-12
2.9202, 4.1525e-12
2.9224, 4.1393e-12
2.9245, 4.1393e-12
2.9268, 4.1393e-12
2.9289, 4.1262e-12
2.9311, 4.1262e-12
2.9333, 4.1263e-12
2.9355, 4.1131e-12
2.9377, 4.1132e-12
2.9399, 4.1001e-12
2.9421, 4.1001e-12
2.9443, 4.1002e-12
2.9465, 4.0872e-12
2.9487, 4.0872e-12
2.9508, 4.0742e-12
2.9531, 4.0742e-12
2.9553, 4.0743e-12
2.9575, 4.0613e-12
2.9597, 4.0614e-12
2.9619, 4.0614e-12
2.9641, 4.0485e-12
2.9663, 4.0485e-12
2.9685, 4.0357e-12
2.9708, 4.0357e-12
2.9729, 4.0357e-12
2.9752, 4.0229e-12
2.9774, 4.023e-12
2.9796, 4.0102e-12
2.9819, 4.0102e-12
2.9841, 4.0102e-12
2.9863, 3.9975e-12
2.9885, 3.9975e-12
2.9908, 3.9848e-12
2.9929, 3.9849e-12
2.9952, 3.9722e-12
2.9975, 3.9722e-12
2.9997, 3.9596e-12
3.002, 3.9597e-12
3.0042, 3.9471e-12
3.0064, 3.9471e-12
3.0087, 3.9346e-12
3.0109, 3.9221e-12
3.0132, 3.9221e-12
3.0154, 3.9097e-12
3.0177, 3.9097e-12
3.0199, 3.8973e-12
3.0222, 3.8973e-12
3.0244, 3.8849e-12
3.0267, 3.8726e-12
3.029, 3.8726e-12
3.0312, 3.8603e-12
3.0335, 3.8603e-12
3.0357, 3.8481e-12
3.038, 3.8481e-12
3.0403, 3.8359e-12
3.0425, 3.8237e-12
3.0448, 3.8237e-12
3.0471, 3.8116e-12
3.0493, 3.8116e-12
3.0516, 3.7995e-12
3.0539, 3.7995e-12
3.0562, 3.7875e-12
3.0585, 3.7754e-12
3.0608, 3.7755e-12
3.063, 3.7635e-12
3.0653, 3.7635e-12
3.0676, 3.7516e-12
3.0699, 3.7516e-12
3.0722, 3.7397e-12
3.0745, 3.7278e-12
3.0768, 3.7278e-12
3.0791, 3.716e-12
3.0814, 3.716e-12
3.0836, 3.7042e-12
3.086, 3.7042e-12
3.0883, 3.6925e-12
3.0906, 3.6807e-12
3.0929, 3.6808e-12
3.0952, 3.6691e-12
3.0975, 3.6574e-12
3.0998, 3.6458e-12
3.0998, 3.6342e-12
3.1022, 3.6227e-12
3.1022, 3.6111e-12
3.1045, 3.5996e-12
3.1045, 3.5882e-12
3.1068, 3.5768e-12
3.1068, 3.5654e-12
3.1068, 3.554e-12
3.1091, 3.5427e-12
3.1091, 3.5315e-12
3.1091, 3.5202e-12
3.1114, 3.5202e-12
3.1114, 3.509e-12
3.1114, 3.4979e-12
3.1137, 3.4867e-12
3.1137, 3.4756e-12
3.1137, 3.4646e-12
3.1161, 3.4536e-12
3.1161, 3.4426e-12
3.1184, 3.4316e-12
3.1184, 3.4207e-12
3.1207, 3.4098e-12
3.1207, 3.399e-12
3.1207, 3.3882e-12
3.1231, 3.3774e-12
3.1231, 3.3666e-12
3.1254, 3.3559e-12
3.1254, 3.3453e-12
3.1277, 3.3346e-12
3.1277, 3.324e-12
3.1277, 3.3134e-12
3.1301, 3.3029e-12
3.1301, 3.2924e-12
3.1324, 3.2819e-12
3.1324, 3.2715e-12
3.1324, 3.261e-12
3.1347, 3.2507e-12
3.1347, 3.2403e-12
3.1371, 3.23e-12
3.1371, 3.2198e-12
3.1394, 3.2095e-12
3.1394, 3.1993e-12
3.1394, 3.1891e-12
3.1418, 3.179e-12
3.1418, 3.1689e-12
3.1441, 3.1588e-12
3.1441, 3.1487e-12
3.1465, 3.1387e-12
3.1465, 3.1287e-12
3.1465, 3.1188e-12
3.1488, 3.1089e-12
3.1488, 3.099e-12
3.1511, 3.0891e-12
3.1512, 3.0793e-12
3.1512, 3.0695e-12
3.1535, 3.0597e-12
3.1535, 3.05e-12
3.1559, 3.0403e-12
3.1559, 3.0306e-12
3.1582, 3.021e-12
3.1582, 3.0114e-12
3.1582, 3.0018e-12
3.1606, 2.9922e-12
3.1606, 2.9827e-12
3.1629, 2.9732e-12
3.1629, 2.9638e-12
3.1653, 2.9544e-12
3.1653, 2.9449e-12
3.1653, 2.9356e-12
3.1677, 2.9262e-12
3.1677, 2.9169e-12
3.17, 2.9077e-12
3.17, 2.8984e-12
3.17, 2.8892e-12
3.1724, 2.88e-12
3.1724, 2.8708e-12
3.1748, 2.8617e-12
3.1748, 2.8526e-12
3.1771, 2.8435e-12
3.1771, 2.8345e-12
3.1771, 2.8254e-12
3.1795, 2.8165e-12
3.1795, 2.8075e-12
3.1819, 2.7986e-12
3.1819, 2.7897e-12
3.1842, 2.7808e-12
3.1842, 2.7719e-12
3.1842, 2.7631e-12
3.1865, 2.7543e-12
3.1865, 2.7456e-12
3.189, 2.7368e-12
3.189, 2.7281e-12
3.189, 2.7194e-12
3.1914, 2.7108e-12
3.1914, 2.7022e-12
3.1938, 2.6936e-12
3.1938, 2.685e-12
3.1961, 2.6765e-12
3.1961, 2.668e-12
3.1985, 2.6595e-12
3.1985, 2.651e-12
3.2009, 2.6426e-12
3.2009, 2.6342e-12
3.2009, 2.6258e-12
3.2033, 2.6174e-12
3.2057, 2.6091e-12
3.2081, 2.6008e-12
3.2081, 2.5926e-12
3.2081, 2.5843e-12
3.2105, 2.5843e-12
3.2129, 2.5761e-12
3.2129, 2.5679e-12
3.2129, 2.5597e-12
3.2153, 2.5598e-12
3.2177, 2.5516e-12
3.2177, 2.5435e-12
3.2177, 2.5354e-12
3.2201, 2.5273e-12
3.2201, 2.5193e-12
3.2225, 2.5193e-12
3.2225, 2.5113e-12
3.2248, 2.5033e-12
3.2273, 2.4954e-12
3.2273, 2.4874e-12
3.2297, 2.4874e-12
3.2297, 2.4795e-12
3.2321, 2.4716e-12
3.2345, 2.4638e-12
3.2345, 2.4559e-12
3.237, 2.456e-12
3.237, 2.4481e-12
3.2394, 2.4404e-12
3.2418, 2.4326e-12
3.2418, 2.4249e-12
3.2442, 2.4249e-12
3.2442, 2.4172e-12
3.2442, 2.4095e-12
3.2442, 2.4018e-12
3.2466, 2.3942e-12
3.2466, 2.3865e-12
3.249, 2.3866e-12
3.2515, 2.379e-12
3.2515, 2.3714e-12
3.2539, 2.3639e-12
3.2563, 2.3564e-12
3.2588, 2.3489e-12
3.2588, 2.3414e-12
3.2612, 2.3414e-12
3.2612, 2.334e-12
3.2636, 2.3265e-12
3.2636, 2.3191e-12
3.2661, 2.3191e-12
3.2661, 2.3118e-12
3.2661, 2.3044e-12
3.2661, 2.2971e-12
3.2685, 2.2898e-12
3.2685, 2.2825e-12
3.2709, 2.2825e-12
3.2709, 2.2752e-12
3.2734, 2.268e-12
3.2758, 2.2608e-12
3.2758, 2.2536e-12
3.2783, 2.2536e-12
3.2807, 2.2464e-12
3.2807, 2.2393e-12
3.2832, 2.2322e-12
3.2856, 2.2251e-12
3.2856, 2.218e-12
3.2881, 2.218e-12
3.2881, 2.211e-12
3.2905, 2.2039e-12
3.2905, 2.1969e-12
3.293, 2.1969e-12
3.293, 2.1899e-12
3.293, 2.183e-12
3.2953, 2.176e-12
3.2953, 2.1691e-12
3.2979, 2.1622e-12
3.3004, 2.1553e-12
3.3004, 2.1485e-12
3.3028, 2.1417e-12
3.3028, 2.1348e-12
3.3053, 2.1281e-12
3.3053, 2.1213e-12
3.3078, 2.1145e-12
3.3078, 2.1078e-12
3.3102, 2.1011e-12
3.3102, 2.0944e-12
3.3127, 2.0878e-12
3.3127, 2.0811e-12
3.3152, 2.0745e-12
3.3152, 2.0679e-12
3.3176, 2.0613e-12
3.3176, 2.0548e-12
3.3201, 2.0482e-12
3.3201, 2.0417e-12
3.3226, 2.0352e-12
3.3226, 2.0287e-12
3.3251, 2.0223e-12
3.3251, 2.0159e-12
3.3276, 2.0095e-12
3.3276, 2.0031e-12
3.3301, 1.9967e-12
3.3301, 1.9903e-12
3.3325, 1.984e-12
3.3325, 1.9777e-12
3.335, 1.9714e-12
3.335, 1.9651e-12
3.335, 1.9589e-12
3.3375, 1.9527e-12
3.3375, 1.9464e-12
3.34, 1.9402e-12
3.34, 1.9341e-12
3.3425, 1.9279e-12
3.3425, 1.9218e-12
3.345, 1.9157e-12
3.345, 1.9096e-12
3.3475, 1.9035e-12
3.3475, 1.8975e-12
3.35, 1.8914e-12
3.35, 1.8854e-12
3.3525, 1.8794e-12
3.3525, 1.8734e-12
3.355, 1.8675e-12
3.355, 1.8615e-12
3.3575, 1.8556e-12
3.3575, 1.8497e-12
3.3599, 1.8438e-12
3.3599, 1.838e-12
3.3625, 1.8321e-12
3.3625, 1.8263e-12
3.365, 1.8205e-12
3.365, 1.8147e-12
3.3675, 1.8089e-12
3.3675, 1.8032e-12
3.37, 1.7974e-12
3.37, 1.7917e-12
3.3726, 1.786e-12
3.3726, 1.7803e-12
3.3751, 1.7747e-12
3.3751, 1.769e-12
3.3776, 1.7634e-12
3.3776, 1.7578e-12
3.3801, 1.7522e-12
3.3801, 1.7466e-12
3.3827, 1.7411e-12
3.3827, 1.7355e-12
3.3827, 1.73e-12
3.3852, 1.7245e-12
3.3852, 1.719e-12
3.3877, 1.7136e-12
3.3877, 1.7081e-12
3.3902, 1.7027e-12
3.3902, 1.6972e-12
3.3928, 1.6919e-12
3.3928, 1.6865e-12
3.3953, 1.6811e-12
3.3953, 1.6758e-12
3.3978, 1.6704e-12
3.3978, 1.6651e-12
3.4003, 1.6598e-12
3.4003, 1.6545e-12
3.4029, 1.6493e-12
3.4029, 1.644e-12
3.4054, 1.6388e-12
3.4054, 1.6336e-12
3.408, 1.6284e-12
3.4104, 1.6232e-12
3.4104, 1.6181e-12
3.4131, 1.6129e-12
3.4131, 1.6078e-12
3.4156, 1.6027e-12
3.4156, 1.5976e-12
3.4182, 1.5925e-12
3.4182, 1.5874e-12
3.4207, 1.5824e-12
3.4233, 1.5774e-12
3.4233, 1.5723e-12
3.4258, 1.5673e-12
3.4258, 1.5623e-12
3.4284, 1.5574e-12
3.4284, 1.5524e-12
3.431, 1.5475e-12
3.431, 1.5426e-12
3.4335, 1.5377e-12
3.4361, 1.5328e-12
3.4361, 1.5279e-12
3.4386, 1.523e-12
3.4386, 1.5182e-12
3.4412, 1.5134e-12
3.4412, 1.5086e-12
3.4438, 1.5038e-12
3.4438, 1.499e-12
3.4464, 1.4942e-12
3.4489, 1.4895e-12
3.4489, 1.4847e-12
3.4515, 1.48e-12
3.4515, 1.4753e-12
3.4541, 1.4706e-12
3.4541, 1.4659e-12
3.4567, 1.4613e-12
3.4567, 1.4566e-12
3.4592, 1.452e-12
3.4592, 1.4474e-12
3.4618, 1.4428e-12
3.4644, 1.4382e-12
3.4644, 1.4336e-12
3.467, 1.429e-12
3.467, 1.4245e-12
3.4696, 1.42e-12
3.4696, 1.4154e-12
3.4722, 1.4109e-12
3.4722, 1.4065e-12
3.4748, 1.402e-12
3.4774, 1.3975e-12
3.4774, 1.3931e-12
3.4799, 1.3887e-12
3.4799, 1.3842e-12
3.4825, 1.3798e-12
3.4825, 1.3754e-12
3.4851, 1.3711e-12
3.4851, 1.3667e-12
3.4877, 1.3624e-12
3.4903, 1.358e-12
3.4903, 1.3537e-12
3.4929, 1.3494e-12
3.4929, 1.3451e-12
3.4956, 1.3408e-12
3.4956, 1.3366e-12
3.4956, 1.3323e-12
3.4982, 1.3281e-12
3.5008, 1.3239e-12
3.5034, 1.3197e-12
3.506, 1.3155e-12
3.5086, 1.3155e-12
3.5112, 1.3113e-12
3.5139, 1.3113e-12
3.5139, 1.3071e-12
3.5165, 1.3071e-12
3.5191, 1.303e-12
3.5217, 1.303e-12
3.5244, 1.2989e-12
3.527, 1.2947e-12
3.5295, 1.2906e-12
3.5323, 1.2906e-12
3.5349, 1.2865e-12
3.5375, 1.2825e-12
3.5402, 1.2784e-12
3.5428, 1.2784e-12
3.5455, 1.2743e-12
3.5481, 1.2743e-12
3.5508, 1.2743e-12
3.5534, 1.2703e-12
3.5561, 1.2663e-12
3.5587, 1.2663e-12
3.5587, 1.2622e-12
3.5614, 1.2582e-12
3.564, 1.2582e-12
3.5667, 1.2542e-12
3.5667, 1.2503e-12
3.5694, 1.2503e-12
3.572, 1.2463e-12
3.5747, 1.2423e-12
3.5774, 1.2384e-12
3.58, 1.2384e-12
3.5827, 1.2345e-12
3.5827, 1.2305e-12
3.5854, 1.2305e-12
3.588, 1.2266e-12
3.5907, 1.2227e-12
3.5934, 1.2227e-12
3.596, 1.2189e-12
3.5988, 1.2189e-12
3.6015, 1.215e-12
3.6042, 1.2111e-12
3.6068, 1.2112e-12
3.6095, 1.2112e-12
3.6122, 1.2073e-12
3.6149, 1.2073e-12
3.6176, 1.2073e-12
3.6202, 1.2073e-12
3.623, 1.2035e-12
3.6257, 1.2035e-12
3.6284, 1.2035e-12
3.6311, 1.2035e-12
3.6339, 1.1997e-12
3.6366, 1.1997e-12
3.6393, 1.1997e-12
3.642, 1.1997e-12
3.6447, 1.1959e-12
3.6474, 1.1959e-12
3.6502, 1.196e-12
3.6529, 1.196e-12
3.6556, 1.1922e-12
3.6583, 1.1922e-12
3.6611, 1.1922e-12
3.6638, 1.1922e-12
3.6665, 1.1922e-12
3.6693, 1.1922e-12
3.672, 1.1884e-12
3.6747, 1.1884e-12
3.6775, 1.1884e-12
3.6802, 1.1885e-12
3.683, 1.1847e-12
3.6857, 1.1847e-12
3.6885, 1.1847e-12
3.6912, 1.1847e-12
3.694, 1.1847e-12
3.6968, 1.181e-12
3.6995, 1.181e-12
3.7023, 1.181e-12
3.705, 1.181e-12
3.7078, 1.181e-12
3.7106, 1.1772e-12
3.7133, 1.1773e-12
3.7161, 1.1773e-12
3.7189, 1.1773e-12
3.7217, 1.1773e-12
3.7244, 1.1773e-12
3.7271, 1.1773e-12
3.73, 1.1773e-12
3.7328, 1.1773e-12
3.7356, 1.1773e-12
3.7384, 1.1773e-12
3.7412, 1.1774e-12
3.7439, 1.1774e-12
3.7467, 1.1736e-12
3.7495, 1.1736e-12
3.7523, 1.1736e-12
3.7551, 1.1737e-12
3.7579, 1.1737e-12
3.7607, 1.1737e-12
3.7635, 1.1737e-12
3.7664, 1.1737e-12
3.7692, 1.1737e-12
3.772, 1.1737e-12
3.7748, 1.1737e-12
3.7776, 1.1737e-12
3.7804, 1.1737e-12
3.7833, 1.17e-12
3.7861, 1.17e-12
3.7889, 1.17e-12
3.7917, 1.17e-12
3.7946, 1.17e-12
3.7974, 1.1701e-12
3.8002, 1.1701e-12
3.8031, 1.1701e-12
3.8058, 1.1701e-12
3.8088, 1.1701e-12
3.8115, 1.1701e-12
3.8144, 1.1701e-12
3.8173, 1.1701e-12
3.8201, 1.1701e-12
3.823, 1.1701e-12
3.8258, 1.1702e-12
3.8287, 1.1664e-12
3.8316, 1.1664e-12
3.8344, 1.1665e-12
3.8373, 1.1665e-12
3.8401, 1.1665e-12
3.843, 1.1665e-12
3.8458, 1.1665e-12
3.8488, 1.1665e-12
3.8516, 1.1665e-12
3.8545, 1.1665e-12
3.8574, 1.1665e-12
3.8603, 1.1665e-12
3.8631, 1.1666e-12
3.866, 1.1666e-12
3.8689, 1.1666e-12
3.8718, 1.1629e-12
3.8747, 1.1629e-12
3.8776, 1.1629e-12
3.8805, 1.1629e-12
3.8834, 1.1629e-12
3.8862, 1.1629e-12
3.8892, 1.1629e-12
3.8921, 1.1629e-12
3.895, 1.1629e-12
3.8979, 1.163e-12
3.9008, 1.163e-12
3.9037, 1.163e-12
3.9066, 1.163e-12
3.9095, 1.163e-12
3.9123, 1.163e-12
3.9154, 1.163e-12
3.9183, 1.163e-12
3.9212, 1.163e-12
3.9241, 1.163e-12
3.9271, 1.1631e-12
3.93, 1.1631e-12
3.9329, 1.1631e-12
3.9359, 1.1631e-12
3.9388, 1.1631e-12
3.9418, 1.1631e-12
3.9447, 1.1631e-12
3.9476, 1.1631e-12
3.9506, 1.1631e-12
3.9535, 1.1631e-12
3.9565, 1.1669e-12
3.9594, 1.1669e-12
3.9624, 1.1669e-12
3.9653, 1.1669e-12
3.9683, 1.1669e-12
3.9713, 1.1669e-12
3.9742, 1.1669e-12
3.9771, 1.1669e-12
3.9802, 1.1669e-12
3.983, 1.167e-12
3.9861, 1.1707e-12
3.9891, 1.1707e-12
3.9921, 1.1707e-12
3.995, 1.1707e-12
3.998, 1.1745e-12
4.001, 1.1745e-12
4.004, 1.1745e-12
4.007, 1.1745e-12
4.01, 1.1745e-12
4.013, 1.1783e-12
4.016, 1.1783e-12
4.019, 1.1783e-12
4.022, 1.1783e-12
4.025, 1.1783e-12
4.028, 1.1783e-12
4.031, 1.1821e-12
4.034, 1.1821e-12
4.037, 1.1821e-12
4.04, 1.1821e-12
4.043, 1.1821e-12
4.046, 1.1859e-12
4.0491, 1.1859e-12
4.0521, 1.1859e-12
4.0551, 1.1859e-12
4.0581, 1.1897e-12
4.0612, 1.1898e-12
4.0642, 1.1898e-12
4.0672, 1.1898e-12
4.0703, 1.1936e-12
4.0733, 1.1936e-12
4.0763, 1.1936e-12
4.0794, 1.1936e-12
4.0824, 1.1974e-12
4.0855, 1.1974e-12
4.0885, 1.1975e-12
4.0916, 1.2013e-12
4.0946, 1.2013e-12
4.0977, 1.2013e-12
4.1007, 1.2052e-12
4.1038, 1.2052e-12
4.1069, 1.209e-12
4.1099, 1.209e-12
4.113, 1.2091e-12
4.1161, 1.2129e-12
4.1191, 1.2129e-12
4.1222, 1.2168e-12
4.1253, 1.2168e-12
4.1284, 1.2168e-12
4.1315, 1.2207e-12
4.1345, 1.2207e-12
4.1376, 1.2208e-12
4.1407, 1.2247e-12
4.1438, 1.2247e-12
4.1469, 1.2286e-12
4.15, 1.2286e-12
4.1531, 1.2286e-12
4.1562, 1.2326e-12
4.1593, 1.2326e-12
4.1623, 1.2365e-12
4.1655, 1.2365e-12
4.1686, 1.2365e-12
4.1717, 1.2405e-12
4.1748, 1.2405e-12
4.178, 1.2445e-12
4.1811, 1.2445e-12
4.1842, 1.2445e-12
4.1873, 1.2445e-12
4.1904, 1.2445e-12
4.1936, 1.2485e-12
4.1967, 1.2485e-12
4.1998, 1.2485e-12
4.203, 1.2525e-12
4.2061, 1.2525e-12
4.2092, 1.2526e-12
4.2124, 1.2566e-12
4.2155, 1.2566e-12
4.2187, 1.2606e-12
4.2218, 1.2606e-12
4.225, 1.2606e-12
4.2281, 1.2606e-12
4.2313, 1.2606e-12
4.2344, 1.2647e-12
4.2376, 1.2647e-12
4.2408, 1.2647e-12
4.2439, 1.2647e-12
4.2471, 1.2688e-12
4.2503, 1.2688e-12
4.2534, 1.2688e-12
4.2566, 1.2688e-12
4.2598, 1.2688e-12
4.263, 1.2729e-12
4.2662, 1.2729e-12
4.2692, 1.2729e-12
4.2725, 1.2729e-12
4.2757, 1.2729e-12
4.2789, 1.2729e-12
4.2821, 1.277e-12
4.2852, 1.277e-12
4.2885, 1.277e-12
4.2917, 1.277e-12
4.2949, 1.277e-12
4.2981, 1.2771e-12
4.3013, 1.2771e-12
4.3045, 1.2771e-12
4.3077, 1.2771e-12
4.311, 1.2771e-12
4.3142, 1.2771e-12
4.3174, 1.273e-12
4.3206, 1.2731e-12
4.3237, 1.2731e-12
4.3271, 1.2731e-12
4.3303, 1.2731e-12
4.3335, 1.2731e-12
4.3368, 1.2691e-12
4.34, 1.2691e-12
4.3432, 1.2691e-12
4.3465, 1.265e-12
4.3497, 1.2651e-12
4.353, 1.261e-12
4.3562, 1.261e-12
4.3595, 1.2611e-12
4.3627, 1.2571e-12
4.366, 1.2571e-12
4.3692, 1.2531e-12
4.3725, 1.2531e-12
4.3758, 1.2531e-12
4.379, 1.2491e-12
4.3822, 1.2491e-12
4.3856, 1.2491e-12
4.3889, 1.2452e-12
4.3921, 1.2452e-12
4.3954, 1.2412e-12
4.3987, 1.2412e-12
4.402, 1.2412e-12
4.4053, 1.2373e-12
4.4085, 1.2373e-12
4.4118, 1.2334e-12
4.4151, 1.2334e-12
4.4184, 1.2334e-12
4.4217, 1.2295e-12
4.425, 1.2295e-12
4.4283, 1.2256e-12
4.4316, 1.2256e-12
4.4349, 1.2256e-12
4.4383, 1.2217e-12
4.4416, 1.2217e-12
4.4449, 1.2178e-12
4.4482, 1.2178e-12
4.4515, 1.2179e-12
4.4548, 1.214e-12
4.4582, 1.214e-12
4.4615, 1.214e-12
4.4647, 1.2102e-12
4.4682, 1.2102e-12
4.4715, 1.2063e-12
4.4748, 1.2063e-12
4.4782, 1.2063e-12
4.4815, 1.2025e-12
4.4849, 1.2025e-12
4.4882, 1.1987e-12
4.4916, 1.1987e-12
4.4949, 1.1949e-12
4.4983, 1.1911e-12
4.5016, 1.1911e-12
4.505, 1.1873e-12
4.5083, 1.1873e-12
4.5117, 1.1836e-12
4.5151, 1.1836e-12
4.5184, 1.1836e-12
4.5184, 1.1798e-12
4.5218, 1.1761e-12
4.5252, 1.1761e-12
4.5286, 1.1761e-12
4.5286, 1.1723e-12
4.532, 1.1686e-12
4.5352, 1.1686e-12
4.5387, 1.1649e-12
4.5421, 1.1612e-12
4.5455, 1.1612e-12
4.5489, 1.1575e-12
4.5523, 1.1539e-12
4.5556, 1.1539e-12
4.5591, 1.1502e-12
4.5625, 1.1466e-12
4.5659, 1.1466e-12
4.5693, 1.1429e-12
4.5727, 1.1393e-12
4.576, 1.1393e-12
4.5795, 1.1357e-12
4.583, 1.1357e-12
4.5864, 1.1321e-12
4.5897, 1.1285e-12
4.5932, 1.1285e-12
4.5967, 1.1285e-12
4.6, 1.1249e-12
4.6035, 1.1213e-12
4.607, 1.1178e-12
4.6104, 1.1142e-12
4.6138, 1.1142e-12
4.6173, 1.1107e-12
4.6207, 1.1072e-12
4.6242, 1.1037e-12
4.6276, 1.1002e-12
4.6311, 1.0967e-12
4.6345, 1.0932e-12
4.638, 1.0897e-12
4.6415, 1.0862e-12
4.6449, 1.0862e-12
4.6484, 1.0828e-12
4.6519, 1.0794e-12
4.6553, 1.0759e-12
4.6588, 1.0725e-12
4.6623, 1.0691e-12
4.6658, 1.0657e-12
4.6693, 1.0623e-12
4.6726, 1.059e-12
4.6762, 1.0556e-12
4.6797, 1.0556e-12
4.6832, 1.0522e-12
4.6867, 1.0489e-12
4.6902, 1.0456e-12
4.6937, 1.0422e-12
4.6972, 1.0389e-12
4.7006, 1.0356e-12
4.7042, 1.0323e-12
4.7077, 1.0324e-12
4.7113, 1.0291e-12
4.7147, 1.0258e-12
4.7183, 1.0225e-12
4.7218, 1.0193e-12
4.7252, 1.0161e-12
4.7288, 1.0161e-12
4.7324, 1.0128e-12
4.7359, 1.0096e-12
4.7395, 1.0064e-12
4.7429, 1.0032e-12
4.7465, 1.0032e-12
4.7501, 1.0e-12
4.7536, 9.9687e-13
4.7572, 9.937e-13
4.7607, 9.9054e-13
4.7643, 9.9055e-13
4.7643, 9.874e-13
4.7678, 9.8426e-13
4.7713, 9.8427e-13
4.775, 9.8114e-13
4.775, 9.7802e-13
4.7785, 9.7803e-13
4.7821, 9.7492e-13
4.7856, 9.7182e-13
4.7856, 9.6873e-13
4.7892, 9.6874e-13
4.7928, 9.6566e-13
4.7928, 9.6258e-13
4.7964, 9.6259e-13
4.8, 9.5953e-13
4.8035, 9.5648e-13
4.8071, 9.5649e-13
4.8071, 9.5345e-13
4.8107, 9.5345e-13
4.8143, 9.5043e-13
4.8178, 9.4741e-13
4.8215, 9.4741e-13
4.8215, 9.444e-13
4.8251, 9.4441e-13
4.8287, 9.4141e-13
4.8323, 9.4141e-13
4.8323, 9.3841e-13
4.8359, 9.3842e-13
4.8395, 9.3544e-13
4.8431, 9.3247e-13
4.8468, 9.3248e-13
4.8468, 9.2951e-13
4.8504, 9.2952e-13
4.854, 9.2952e-13
4.8576, 9.2657e-13
4.8612, 9.2363e-13
4.8649, 9.2069e-13
4.8685, 9.207e-13
4.8721, 9.2071e-13
4.8758, 9.1778e-13
4.8794, 9.1779e-13
4.8794, 9.1487e-13
4.8831, 9.1488e-13
4.8867, 9.1197e-13
4.8902, 9.0907e-13
4.894, 9.0908e-13
4.894, 9.0619e-13
4.8977, 9.0331e-13
4.9013, 9.0331e-13
4.905, 9.0045e-13
4.9085, 8.9759e-13
4.9123, 8.9473e-13
4.916, 8.9474e-13
4.9196, 8.919e-13
4.9196, 8.8906e-13
4.9233, 8.8907e-13
4.927, 8.8624e-13
4.9306, 8.8625e-13
4.9306, 8.8343e-13
4.9343, 8.8343e-13
4.938, 8.8063e-13
4.9417, 8.8064e-13
4.9417, 8.7783e-13
4.9454, 8.7784e-13
4.9491, 8.7505e-13
4.9527, 8.7506e-13
4.9527, 8.7227e-13
4.9565, 8.7228e-13
4.9602, 8.7228e-13
4.9639, 8.6951e-13
4.9676, 8.6675e-13
4.9713, 8.6676e-13
4.975, 8.6401e-13
4.9787, 8.6126e-13
4.9824, 8.6127e-13
4.9861, 8.5853e-13
4.9899, 8.558e-13
4.9936, 8.5581e-13
4.9973, 8.5309e-13
5.0011, 8.5038e-13
5.0048, 8.5039e-13
5.0085, 8.4769e-13
5.0123, 8.477e-13
5.016, 8.45e-13
5.0197, 8.4501e-13
5.0235, 8.4233e-13
5.0272, 8.4233e-13
5.031, 8.3966e-13
5.0348, 8.3699e-13
5.0385, 8.37e-13
5.0423, 8.3434e-13
5.046, 8.3435e-13
5.0498, 8.317e-13
5.0536, 8.317e-13
5.0573, 8.2906e-13
5.0611, 8.2907e-13
5.0649, 8.2643e-13
5.0687, 8.2644e-13
5.0725, 8.2382e-13
5.0762, 8.212e-13
5.08, 8.2121e-13
5.0838, 8.186e-13
5.0876, 8.186e-13
5.0914, 8.1861e-13
5.0952, 8.1601e-13
5.099, 8.1602e-13
5.1028, 8.1602e-13
5.1066, 8.1343e-13
5.1104, 8.1344e-13
5.1143, 8.1344e-13
5.1181, 8.1086e-13
5.1219, 8.1087e-13
5.1257, 8.0829e-13
5.1296, 8.083e-13
5.1334, 8.0831e-13
5.1372, 8.0831e-13
5.141, 8.0574e-13
5.1449, 8.0575e-13
5.1487, 8.0319e-13
5.1526, 8.032e-13
5.1564, 8.032e-13
5.1564, 8.0065e-13
5.1602, 8.0065e-13
5.1641, 8.0066e-13
5.168, 7.9812e-13
5.1718, 7.9812e-13
5.1757, 7.9559e-13
5.1795, 7.9559e-13
5.1834, 7.956e-13
5.1873, 7.9561e-13
5.1912, 7.9561e-13
5.195, 7.9562e-13
5.1989, 7.9563e-13
5.2028, 7.9563e-13
5.2067, 7.9311e-13
5.2106, 7.9311e-13
5.2144, 7.9312e-13
5.2183, 7.9313e-13
5.2222, 7.9313e-13
5.2261, 7.9314e-13
5.23, 7.9315e-13
5.2339, 7.9315e-13
5.2378, 7.9316e-13
5.2418, 7.9317e-13
5.2457, 7.9317e-13
5.2496, 7.9065e-13
5.2535, 7.9066e-13
5.2574, 7.9067e-13
5.2612, 7.9067e-13
5.2652, 7.9068e-13
5.2692, 7.9069e-13
5.2731, 7.9069e-13
5.2771, 7.907e-13
5.281, 7.907e-13
5.285, 7.9324e-13
5.2889, 7.9324e-13
5.2928, 7.9325e-13
5.2968, 7.9326e-13
5.3008, 7.9326e-13
5.3047, 7.9327e-13
5.3087, 7.9328e-13
5.3126, 7.9328e-13
5.3166, 7.9329e-13
5.3206, 7.933e-13
5.3245, 7.933e-13
5.3285, 7.9331e-13
5.3325, 7.9332e-13
5.3365, 7.9332e-13
5.3404, 7.9333e-13
5.3444, 7.9334e-13
5.3484, 7.9334e-13
5.3524, 7.9335e-13
5.3564, 7.9336e-13
5.3604, 7.9336e-13
5.3644, 7.9337e-13
5.3684, 7.9338e-13
5.3724, 7.9338e-13
5.3764, 7.9339e-13
5.3804, 7.934e-13
5.3845, 7.934e-13
5.3885, 7.9341e-13
5.3925, 7.9341e-13
5.3965, 7.9342e-13
5.4006, 7.9343e-13
5.4046, 7.9343e-13
5.4086, 7.9344e-13
5.4127, 7.9345e-13
5.4167, 7.9345e-13
5.4207, 7.9346e-13
5.4248, 7.9347e-13
5.4288, 7.9347e-13
5.4329, 7.9095e-13
5.4369, 7.9096e-13
5.441, 7.9097e-13
5.4451, 7.9097e-13
5.4491, 7.8846e-13
5.4532, 7.8847e-13
5.4573, 7.8847e-13
5.4613, 7.8848e-13
5.4654, 7.8598e-13
5.4695, 7.8598e-13
5.4736, 7.8599e-13
5.4777, 7.8599e-13
5.4818, 7.835e-13
5.4858, 7.835e-13
5.4899, 7.8351e-13
5.494, 7.8352e-13
5.4981, 7.8103e-13
5.5022, 7.8104e-13
5.5063, 7.8104e-13
5.5105, 7.8105e-13
5.5146, 7.8105e-13
5.5187, 7.7857e-13
5.5228, 7.7858e-13
5.5269, 7.7859e-13
5.5311, 7.7859e-13
5.5352, 7.786e-13
5.5393, 7.7613e-13
5.5434, 7.7613e-13
5.5476, 7.7614e-13
5.5516, 7.7615e-13
5.5558, 7.7368e-13
5.56, 7.7369e-13
5.5642, 7.7369e-13
5.5683, 7.737e-13
5.5725, 7.7371e-13
5.5766, 7.7125e-13
5.5808, 7.7125e-13
5.585, 7.688e-13
5.5891, 7.6881e-13
5.5933, 7.6882e-13
5.5975, 7.6882e-13
5.6017, 7.6638e-13
5.6058, 7.6639e-13
5.6099, 7.6639e-13
5.6141, 7.664e-13
5.6183, 7.6641e-13
5.6226, 7.6397e-13
5.6268, 7.6398e-13
5.631, 7.6398e-13
5.6352, 7.6156e-13
5.6394, 7.6156e-13
5.6436, 7.5915e-13
5.6478, 7.5915e-13
5.652, 7.5916e-13
5.6562, 7.5675e-13
5.6604, 7.5675e-13
5.6646, 7.5676e-13
5.6689, 7.5435e-13
5.6732, 7.5436e-13
5.6774, 7.5196e-13
5.6816, 7.5197e-13
5.6859, 7.5198e-13
5.6901, 7.4959e-13
5.6944, 7.4959e-13
5.6985, 7.4721e-13
5.7029, 7.4722e-13
5.7071, 7.4723e-13
5.7114, 7.4485e-13
5.7157, 7.4486e-13
5.7199, 7.4486e-13
5.7242, 7.425e-13
5.7285, 7.425e-13
5.7327, 7.4015e-13
5.737, 7.4015e-13
5.7412, 7.4016e-13
5.7456, 7.3781e-13
5.7499, 7.3781e-13
5.7542, 7.3547e-13
5.7585, 7.3548e-13
5.7628, 7.3548e-13
5.7671, 7.3315e-13
5.7713, 7.3315e-13
5.7757, 7.3316e-13
5.78, 7.3083e-13
5.7843, 7.3084e-13
5.7886, 7.2851e-13
5.7929, 7.2852e-13
5.7973, 7.2853e-13
5.8016, 7.2621e-13
5.8058, 7.2622e-13
5.8103, 7.2622e-13
5.8146, 7.2392e-13
5.8189, 7.2392e-13
5.8233, 7.2393e-13
5.8276, 7.2163e-13
5.8319, 7.2163e-13
5.8363, 7.2164e-13
5.8407, 7.1935e-13
5.845, 7.1935e-13
5.8494, 7.1936e-13
5.8538, 7.1708e-13
5.858, 7.1708e-13
5.8625, 7.1709e-13
5.8669, 7.1481e-13
5.8713, 7.1482e-13
5.8757, 7.1482e-13
5.88, 7.1483e-13
5.8843, 7.1256e-13
5.8888, 7.1256e-13
5.8932, 7.103e-13
5.8976, 7.103e-13
5.902, 7.1031e-13
5.902, 7.0805e-13
5.9064, 7.0805e-13
5.9108, 7.0806e-13
5.9152, 7.0581e-13
5.9197, 7.0582e-13
5.9241, 7.0357e-13
5.9285, 7.0358e-13
5.9329, 7.0359e-13
5.9374, 7.0359e-13
5.9418, 7.0136e-13
5.9462, 7.0136e-13
5.9506, 7.0137e-13
5.955, 6.9914e-13
5.9595, 6.9915e-13
5.964, 6.9915e-13
5.9684, 6.9693e-13
5.9729, 6.9694e-13
5.9774, 6.9694e-13
5.9818, 6.9473e-13
5.9863, 6.9474e-13
5.9908, 6.9474e-13
5.9952, 6.9253e-13
5.9997, 6.9254e-13
6.0042, 6.9255e-13
6.0087, 6.9035e-13
6.0131, 6.9035e-13
6.0176, 6.9036e-13
6.0221, 6.9036e-13
6.0266, 6.8817e-13
6.0311, 6.8818e-13
6.0356, 6.8818e-13
6.0401, 6.86e-13
6.0446, 6.86e-13
6.0491, 6.8601e-13
6.0537, 6.8601e-13
6.0582, 6.8383e-13
6.0627, 6.8384e-13
6.0672, 6.8384e-13
6.0718, 6.8385e-13
6.0763, 6.8168e-13
6.0808, 6.8168e-13
6.0854, 6.8169e-13
6.0899, 6.8169e-13
6.0945, 6.817e-13
6.099, 6.7953e-13
6.1036, 6.7954e-13
6.1081, 6.7738e-13
6.1127, 6.7739e-13
6.1172, 6.7524e-13
6.1218, 6.7524e-13
6.1264, 6.731e-13
6.1309, 6.731e-13
6.1355, 6.7096e-13
6.1401, 6.7097e-13
6.1447, 6.6884e-13
6.1493, 6.6884e-13
6.1539, 6.6672e-13
6.1585, 6.6672e-13
6.163, 6.6461e-13
6.1676, 6.6461e-13
6.1723, 6.625e-13
6.1769, 6.6251e-13
6.1815, 6.604e-13
6.1861, 6.6041e-13
6.1907, 6.5831e-13
6.1953, 6.5622e-13
6.1999, 6.5622e-13
6.2046, 6.5414e-13
6.2092, 6.5414e-13
6.2138, 6.5415e-13
6.2185, 6.5207e-13
6.2231, 6.5e-13
6.2278, 6.4794e-13
6.2324, 6.4588e-13
6.2371, 6.4383e-13
6.2417, 6.4178e-13
6.2464, 6.4179e-13
6.251, 6.3975e-13
6.2557, 6.3772e-13
6.2604, 6.3569e-13
6.2651, 6.3367e-13
6.2697, 6.3166e-13
6.2744, 6.2965e-13
6.2791, 6.2765e-13
6.2838, 6.2766e-13
6.2885, 6.2566e-13
6.2932, 6.2368e-13
6.2979, 6.2169e-13
6.3026, 6.1972e-13
6.3073, 6.1775e-13
6.312, 6.1579e-13
6.3167, 6.1383e-13
6.3167, 6.1188e-13
6.3214, 6.0993e-13
6.3261, 6.08e-13
6.3308, 6.0607e-13
6.3356, 6.0414e-13
6.3356, 6.0222e-13
6.3356, 6.003e-13
6.3356, 5.9839e-13
6.3403, 5.9649e-13
6.3403, 5.9459e-13
6.345, 5.927e-13
6.3498, 5.9081e-13
6.3545, 5.8894e-13
6.3593, 5.8707e-13
6.3593, 5.852e-13
6.3639, 5.8334e-13
6.3688, 5.8149e-13
6.3688, 5.7963e-13
6.3735, 5.7964e-13
6.3783, 5.778e-13
6.3783, 5.7596e-13
6.383, 5.7413e-13
6.3878, 5.7413e-13
6.3878, 5.723e-13
6.3926, 5.7049e-13
6.3973, 5.6867e-13
6.4021, 5.6687e-13
6.4021, 5.6506e-13
6.4069, 5.6327e-13
6.4117, 5.6327e-13
6.4117, 5.6148e-13
6.4165, 5.5969e-13
6.4212, 5.5792e-13
6.4212, 5.5614e-13
6.4212, 5.5437e-13
6.426, 5.5261e-13
6.4308, 5.5085e-13
6.4308, 5.491e-13
6.4356, 5.4735e-13
6.4356, 5.4561e-13
6.4404, 5.4561e-13
6.4404, 5.4388e-13
6.4452, 5.4215e-13
6.4501, 5.4043e-13
6.4501, 5.3871e-13
6.4549, 5.3871e-13
6.4597, 5.37e-13
6.4597, 5.3529e-13
6.4645, 5.3359e-13
6.4693, 5.3189e-13
6.4742, 5.302e-13
6.4742, 5.2852e-13
6.479, 5.2684e-13
6.4838, 5.2684e-13
6.4838, 5.2516e-13
6.4887, 5.235e-13
6.4887, 5.2183e-13
6.4935, 5.2183e-13
6.4935, 5.2017e-13
6.4984, 5.1852e-13
6.4984, 5.1687e-13
6.5032, 5.1687e-13
6.5032, 5.1523e-13
6.5032, 5.1358e-13
6.5081, 5.1195e-13
6.5081, 5.1032e-13
6.5129, 5.087e-13
6.5178, 5.0709e-13
6.5178, 5.0547e-13
6.5227, 5.0386e-13
6.5227, 5.0226e-13
6.5274, 5.0066e-13
6.5274, 4.9907e-13
6.5324, 4.9748e-13
6.5324, 4.959e-13
6.5373, 4.9433e-13
6.5373, 4.9275e-13
6.5422, 4.9119e-13
6.547, 4.8963e-13
6.547, 4.8807e-13
6.5518, 4.8652e-13
6.5568, 4.8497e-13
6.5568, 4.8343e-13
6.5617, 4.8189e-13
6.5617, 4.8036e-13
6.5666, 4.7883e-13
6.5666, 4.773e-13
6.5715, 4.7579e-13
6.5715, 4.7427e-13
6.5764, 4.7277e-13
6.5764, 4.7126e-13
6.5813, 4.6976e-13
6.5813, 4.6827e-13
6.5862, 4.6678e-13
6.5862, 4.6529e-13
6.5912, 4.6382e-13
6.596, 4.6234e-13
6.596, 4.6087e-13
6.601, 4.5941e-13
6.601, 4.5794e-13
6.6059, 4.5649e-13
6.6059, 4.5503e-13
6.6109, 4.5359e-13
6.6109, 4.5214e-13
6.6158, 4.5071e-13
6.6158, 4.4927e-13
6.6207, 4.4785e-13
6.6207, 4.4642e-13
6.6207, 4.45e-13
6.6257, 4.4358e-13
6.6257, 4.4217e-13
6.6306, 4.4077e-13
6.6306, 4.3936e-13
6.6356, 4.3797e-13
6.6356, 4.3657e-13
6.6404, 4.3519e-13
6.6404, 4.338e-13
6.6455, 4.3242e-13
6.6455, 4.3105e-13
6.6505, 4.2968e-13
6.6505, 4.2831e-13
6.6554, 4.2695e-13
6.6554, 4.2559e-13
6.6604, 4.2424e-13
6.6604, 4.2288e-13
6.6654, 4.2154e-13
6.6654, 4.202e-13
6.6703, 4.1886e-13
6.6703, 4.1753e-13
6.6753, 4.162e-13
6.6753, 4.1488e-13
6.6803, 4.1356e-13
6.6803, 4.1224e-13
6.6853, 4.1093e-13
6.6853, 4.0962e-13
6.6903, 4.0832e-13
6.6903, 4.0702e-13
6.6903, 4.0573e-13
6.6903, 4.0443e-13
6.6903, 4.0315e-13
6.6903, 4.0186e-13
6.6903, 4.0058e-13
6.6953, 3.9931e-13
6.6953, 3.9804e-13
6.7003, 3.9804e-13
6.7003, 3.9677e-13
6.7053, 3.9551e-13
6.7053, 3.9425e-13
6.7103, 3.93e-13
6.7103, 3.9175e-13
6.7153, 3.9051e-13
6.7153, 3.8926e-13
6.7203, 3.8927e-13
6.7203, 3.8803e-13
6.7252, 3.8679e-13
6.7252, 3.8556e-13
6.7303, 3.8434e-13
6.7354, 3.8312e-13
6.7354, 3.819e-13
6.7404, 3.8068e-13
6.7404, 3.7947e-13
6.7404, 3.7826e-13
6.7454, 3.7706e-13
6.7454, 3.7586e-13
6.7505, 3.7467e-13
6.7505, 3.7347e-13
6.7505, 3.7228e-13
6.7555, 3.711e-13
6.7555, 3.6992e-13
6.7605, 3.6874e-13
6.7605, 3.6757e-13
6.7605, 3.664e-13
6.7656, 3.6523e-13
6.7656, 3.6407e-13
6.7706, 3.6291e-13
6.7706, 3.6176e-13
6.7757, 3.6061e-13
6.7757, 3.5946e-13
6.7757, 3.5832e-13
6.7807, 3.5718e-13
6.7807, 3.5604e-13
6.7858, 3.5491e-13
6.7858, 3.5378e-13
6.7909, 3.5266e-13
6.7909, 3.5153e-13
6.7959, 3.5042e-13
6.7959, 3.493e-13
6.7959, 3.4819e-13
6.801, 3.4708e-13
6.801, 3.4598e-13
6.8061, 3.4488e-13
6.8061, 3.4378e-13
6.8112, 3.4269e-13
6.8112, 3.416e-13
6.8163, 3.4051e-13
6.8163, 3.3943e-13
6.8163, 3.3835e-13
6.8213, 3.3727e-13
6.8213, 3.362e-13
6.8264, 3.3513e-13
6.8264, 3.3406e-13
6.8315, 3.33e-13
6.8315, 3.3194e-13
6.8315, 3.3088e-13
6.8366, 3.2983e-13
6.8366, 3.2878e-13
6.8417, 3.2774e-13
6.8417, 3.2669e-13
6.8468, 3.2565e-13
6.8468, 3.2462e-13
6.8519, 3.2359e-13
6.8519, 3.2256e-13
6.8519, 3.2153e-13
6.8571, 3.2051e-13
6.8571, 3.1949e-13
6.8622, 3.1847e-13
6.8622, 3.1746e-13
6.8673, 3.1645e-13
6.8673, 3.1544e-13
6.8723, 3.1444e-13
6.8723, 3.1344e-13
6.8723, 3.1244e-13
6.8776, 3.1145e-13
6.8776, 3.1046e-13
6.8827, 3.0947e-13
6.8827, 3.0848e-13
6.8878, 3.075e-13
6.8878, 3.0652e-13
6.8878, 3.0555e-13
6.893, 3.0458e-13
6.893, 3.0361e-13
6.8981, 3.0264e-13
6.8981, 3.0168e-13
6.9033, 3.0072e-13
6.9033, 2.9976e-13
6.9083, 2.9881e-13
6.9083, 2.9786e-13
6.9083, 2.9691e-13
6.9136, 2.9691e-13
6.9188, 2.9597e-13
6.9188, 2.9503e-13
6.9188, 2.9409e-13
6.9239, 2.9315e-13
6.9291, 2.9222e-13
6.9343, 2.9129e-13
6.9343, 2.9037e-13
6.9343, 2.8944e-13
6.9394, 2.8852e-13
6.9445, 2.8761e-13
6.9498, 2.8669e-13
6.9498, 2.8578e-13
6.9498, 2.8487e-13
6.955, 2.8396e-13
6.9602, 2.8306e-13
6.9654, 2.8216e-13
6.9654, 2.8126e-13
6.9706, 2.8037e-13
6.9758, 2.7948e-13
6.9758, 2.7859e-13
6.9809, 2.7771e-13
6.9809, 2.7682e-13
6.9862, 2.7594e-13
6.9914, 2.7507e-13
6.9914, 2.7419e-13
6.9914, 2.7332e-13
6.9966, 2.7245e-13
6.9966, 2.7158e-13
7.0019, 2.7072e-13
7.0071, 2.6986e-13
7.0123, 2.69e-13
7.0176, 2.6815e-13
7.0228, 2.6729e-13
7.028, 2.6644e-13
7.028, 2.656e-13
7.0333, 2.6475e-13
7.0385, 2.6391e-13
7.0438, 2.6307e-13
7.049, 2.6224e-13
7.0543, 2.614e-13
7.0596, 2.6057e-13
7.0596, 2.5974e-13
7.0648, 2.5892e-13
7.0701, 2.581e-13
7.0754, 2.5728e-13
7.0807, 2.5646e-13
7.086, 2.5565e-13
7.0912, 2.5483e-13
7.0965, 2.5402e-13
7.0965, 2.5321e-13
7.1018, 2.5241e-13
7.1071, 2.5161e-13
7.1124, 2.5081e-13
7.1178, 2.5001e-13
7.1231, 2.4922e-13
7.1284, 2.4843e-13
7.1284, 2.4764e-13
7.1337, 2.4685e-13
7.139, 2.4606e-13
7.1444, 2.4528e-13
7.1497, 2.445e-13
7.155, 2.4373e-13
7.1604, 2.4295e-13
7.1657, 2.4218e-13
7.1657, 2.4141e-13
7.1711, 2.4064e-13
7.1764, 2.3988e-13
7.1818, 2.3912e-13
7.1871, 2.3836e-13
7.1925, 2.376e-13
7.1979, 2.3685e-13
7.1979, 2.3609e-13
7.2032, 2.3534e-13
7.2086, 2.3459e-13
7.214, 2.3385e-13
7.2194, 2.3311e-13
7.2248, 2.3237e-13
7.2302, 2.3163e-13
7.2356, 2.3089e-13
7.2356, 2.3016e-13
7.241, 2.2942e-13
7.2464, 2.287e-13
7.2518, 2.2797e-13
7.2572, 2.2725e-13
7.2626, 2.2652e-13
7.268, 2.258e-13
7.2735, 2.2509e-13
7.2735, 2.2437e-13
7.2789, 2.2366e-13
7.2843, 2.2295e-13
7.2898, 2.2224e-13
7.2952, 2.2153e-13
7.3006, 2.2083e-13
7.3061, 2.2013e-13
7.3115, 2.1943e-13
7.3115, 2.1873e-13
7.317, 2.1803e-13
7.3225, 2.1734e-13
7.3279, 2.1665e-13
7.3334, 2.1596e-13
7.3389, 2.1528e-13
7.3444, 2.1459e-13
7.3498, 2.1391e-13
7.3553, 2.1323e-13
7.3553, 2.1255e-13
7.3608, 2.1188e-13
7.3663, 2.1121e-13
7.3718, 2.1053e-13
7.3773, 2.0987e-13
7.3828, 2.092e-13
7.3883, 2.0853e-13
7.3938, 2.0787e-13
7.3938, 2.0721e-13
7.3994, 2.0655e-13
7.4049, 2.059e-13
7.4104, 2.0524e-13
7.4159, 2.0459e-13
7.4215, 2.0394e-13
7.427, 2.0329e-13
7.4325, 2.0265e-13
7.4381, 2.02e-13
7.4437, 2.0136e-13
7.4492, 2.0072e-13
7.4492, 2.0008e-13
7.4548, 1.9945e-13
7.4604, 1.9881e-13
7.4659, 1.9818e-13
7.4715, 1.9755e-13
7.4771, 1.9692e-13
7.4827, 1.963e-13
7.4882, 1.9568e-13
7.4938, 1.9505e-13
7.4994, 1.9443e-13
7.4994, 1.9381e-13
7.505, 1.932e-13
7.5106, 1.9259e-13
7.5162, 1.9197e-13
7.5218, 1.9136e-13
7.5274, 1.9076e-13
7.5331, 1.9015e-13
7.5387, 1.8955e-13
7.5387, 1.8894e-13
7.5443, 1.8834e-13
7.55, 1.8774e-13
7.5556, 1.8715e-13
7.5612, 1.8655e-13
7.5669, 1.8596e-13
7.5725, 1.8537e-13
7.5782, 1.8478e-13
7.5782, 1.8419e-13
7.5838, 1.8361e-13
7.5895, 1.8302e-13
7.5952, 1.8244e-13
7.6008, 1.8186e-13
7.6065, 1.8129e-13
7.6122, 1.8071e-13
7.6179, 1.8014e-13
7.6236, 1.7956e-13
7.6236, 1.7899e-13
7.6292, 1.7842e-13
7.6349, 1.7786e-13
7.6406, 1.7729e-13
7.6463, 1.7673e-13
7.652, 1.7617e-13
7.6578, 1.7561e-13
7.6635, 1.7505e-13
7.6692, 1.7449e-13
7.6749, 1.7394e-13
7.6806, 1.7339e-13
7.6864, 1.7284e-13
7.6864, 1.7229e-13
7.6921, 1.7174e-13
7.6979, 1.7119e-13
7.7036, 1.7065e-13
7.7094, 1.7011e-13
7.7151, 1.6957e-13
7.7208, 1.6903e-13
7.7266, 1.6849e-13
7.7324, 1.6796e-13
7.7382, 1.6742e-13
7.744, 1.6689e-13
7.7497, 1.6636e-13
7.7555, 1.6583e-13
7.7612, 1.653e-13
7.7671, 1.6478e-13
7.7729, 1.6426e-13
7.7787, 1.6426e-13
7.7787, 1.6373e-13
7.7845, 1.6374e-13
7.7845, 1.6321e-13
7.7903, 1.6322e-13
7.7903, 1.627e-13
7.7961, 1.627e-13
7.7961, 1.6218e-13
7.802, 1.6218e-13
7.802, 1.6166e-13
7.8077, 1.6167e-13
7.8077, 1.6115e-13
7.8136, 1.6115e-13
7.8194, 1.6115e-13
7.8253, 1.6064e-13
7.8311, 1.6013e-13
7.837, 1.5962e-13
7.8428, 1.5912e-13
7.8487, 1.5861e-13
7.8545, 1.5811e-13
7.8604, 1.576e-13
7.8662, 1.571e-13
7.8721, 1.571e-13
7.878, 1.5661e-13
7.8839, 1.5611e-13
7.8898, 1.5561e-13
7.8957, 1.5512e-13
7.9016, 1.5463e-13
7.9075, 1.5413e-13
7.9134, 1.5364e-13
7.9193, 1.5316e-13
7.9252, 1.5267e-13
7.9311, 1.5218e-13
7.937, 1.517e-13
7.9428, 1.517e-13
7.9489, 1.5122e-13
7.9548, 1.5074e-13
7.9607, 1.5026e-13
7.9667, 1.4978e-13
7.9726, 1.4931e-13
7.9786, 1.4883e-13
7.9845, 1.4884e-13
7.9905, 1.4836e-13
7.9965, 1.4789e-13
8.0024, 1.4742e-13
8.0084, 1.4695e-13
8.0144, 1.4649e-13
8.0204, 1.4602e-13
8.0263, 1.4556e-13
8.0323, 1.4556e-13
8.0383, 1.451e-13
8.0443, 1.4464e-13
8.0503, 1.4418e-13
8.0563, 1.4372e-13
8.0624, 1.4326e-13
8.0684, 1.4281e-13
8.0744, 1.4235e-13
8.0804, 1.4235e-13
8.0865, 1.419e-13
8.0925, 1.4145e-13
8.0985, 1.41e-13
8.1046, 1.4055e-13
8.1106, 1.4011e-13
8.1167, 1.3966e-13
8.1227, 1.3922e-13
8.1288, 1.3878e-13
8.1349, 1.3878e-13
8.1409, 1.3834e-13
8.147, 1.379e-13
8.1531, 1.3746e-13
8.1592, 1.3702e-13
8.1653, 1.3659e-13
8.1714, 1.3615e-13
8.1775, 1.3572e-13
8.1836, 1.3572e-13
8.1897, 1.3529e-13
8.1958, 1.3486e-13
8.2019, 1.3443e-13
8.208, 1.3401e-13
8.2142, 1.3358e-13
8.2203, 1.3316e-13
8.2264, 1.3316e-13
8.2326, 1.3273e-13
8.2387, 1.3231e-13
8.2449, 1.3189e-13
8.251, 1.3147e-13
8.2572, 1.3106e-13
8.2634, 1.3106e-13
8.2695, 1.3064e-13
8.2757, 1.3023e-13
8.2819, 1.2981e-13
8.2881, 1.294e-13
8.2942, 1.2899e-13
8.3004, 1.2899e-13
8.3066, 1.2858e-13
8.3128, 1.2817e-13
8.319, 1.2776e-13
8.3252, 1.2736e-13
8.3315, 1.2736e-13
8.3377, 1.2695e-13
8.3439, 1.2655e-13
8.3501, 1.2615e-13
8.3564, 1.2615e-13
8.3564, 1.2575e-13
8.3626, 1.2535e-13
8.3688, 1.2535e-13
8.3751, 1.2495e-13
8.3751, 1.2455e-13
8.3813, 1.2456e-13
8.3876, 1.2416e-13
8.3939, 1.2376e-13
8.4001, 1.2337e-13
8.4064, 1.2298e-13
8.4064, 1.2259e-13
8.4127, 1.2259e-13
8.4189, 1.222e-13
8.4252, 1.222e-13
8.4252, 1.2181e-13
8.4315, 1.2181e-13
8.4378, 1.2143e-13
8.4441, 1.2143e-13
8.4504, 1.2143e-13
8.4567, 1.2104e-13
8.463, 1.2066e-13
8.4694, 1.2027e-13
8.4757, 1.2028e-13
8.482, 1.1989e-13
8.4883, 1.1951e-13
8.4947, 1.1913e-13
8.501, 1.1913e-13
8.5074, 1.1876e-13
8.5137, 1.1838e-13
8.5201, 1.18e-13
8.5264, 1.1763e-13
8.5328, 1.1725e-13
8.5392, 1.1725e-13
8.5455, 1.1688e-13
8.5518, 1.1651e-13
8.5583, 1.1614e-13
8.5647, 1.1577e-13
8.5711, 1.154e-13
8.5775, 1.1504e-13
8.5838, 1.1504e-13
8.5903, 1.1467e-13
8.5967, 1.1431e-13
8.6031, 1.1395e-13
8.6095, 1.1358e-13
8.616, 1.1358e-13
8.6223, 1.1322e-13
8.6288, 1.1286e-13
8.6353, 1.1251e-13
8.6417, 1.1251e-13
8.6417, 1.1215e-13
8.6482, 1.1179e-13
8.6545, 1.1179e-13
8.6611, 1.1144e-13
8.6611, 1.1108e-13
8.6675, 1.1108e-13
8.674, 1.1073e-13
8.6804, 1.1038e-13
8.687, 1.1003e-13
8.6935, 1.0968e-13
8.6935, 1.0933e-13
8.6999, 1.0933e-13
8.7064, 1.0898e-13
8.7128, 1.0898e-13
8.7128, 1.0864e-13
8.7194, 1.0864e-13
8.726, 1.0829e-13
8.7325, 1.0829e-13
8.7325, 1.0795e-13
8.7389, 1.0795e-13
8.7455, 1.0761e-13
8.752, 1.0761e-13
8.7586, 1.0727e-13
8.7651, 1.0693e-13
8.7715, 1.0659e-13
8.7782, 1.0659e-13
8.7782, 1.0625e-13
8.7847, 1.0625e-13
8.7913, 1.0625e-13
8.7979, 1.0591e-13
8.8044, 1.0558e-13
8.811, 1.0558e-13
8.8176, 1.0524e-13
8.8242, 1.0524e-13
8.8308, 1.0491e-13
8.8373, 1.0457e-13
8.8439, 1.0457e-13
8.8505, 1.0424e-13
8.8571, 1.0424e-13
8.8638, 1.0391e-13
8.8704, 1.0391e-13
8.877, 1.0358e-13
8.8836, 1.0358e-13
8.8902, 1.0325e-13
8.8969, 1.0326e-13
8.9035, 1.0293e-13
8.9102, 1.0293e-13
8.9167, 1.0293e-13
8.9235, 1.026e-13
8.9301, 1.026e-13
8.9367, 1.0228e-13
8.9435, 1.0228e-13
8.9502, 1.0195e-13
8.9567, 1.0195e-13
8.9635, 1.0196e-13
8.9702, 1.0163e-13
8.9769, 1.0163e-13
8.9836, 1.0131e-13
8.9903, 1.0131e-13
8.9969, 1.0099e-13
9.0037, 1.0099e-13
9.0105, 1.0067e-13
9.0172, 1.0067e-13
9.0239, 1.0035e-13
9.0307, 1.0035e-13
9.0374, 1.0003e-13
9.0441, 1.0003e-13
9.0509, 1.0003e-13
9.0577, 1.0003e-13
9.0644, 1.0003e-13
9.0712, 9.9717e-14
9.0779, 9.9718e-14
9.0779, 9.94e-14
9.0847, 9.9401e-14
9.0915, 9.9085e-14
9.0983, 9.877e-14
9.1051, 9.8771e-14
9.1118, 9.8458e-14
9.1187, 9.8458e-14
9.1255, 9.8146e-14
9.1323, 9.8146e-14
9.1391, 9.7835e-14
9.1459, 9.7835e-14
9.1528, 9.7525e-14
9.1596, 9.7526e-14
9.1663, 9.7216e-14
9.1733, 9.7217e-14
9.1801, 9.6908e-14
9.187, 9.6909e-14
9.1938, 9.6909e-14
9.2006, 9.6601e-14
9.2076, 9.6602e-14
9.2144, 9.6295e-14
9.2213, 9.6296e-14
9.2282, 9.599e-14
9.2351, 9.5991e-14
9.242, 9.5686e-14
9.2489, 9.5687e-14
9.2558, 9.5383e-14
9.2627, 9.5384e-14
9.2696, 9.5385e-14
9.2765, 9.5082e-14
9.2833, 9.5082e-14
9.2904, 9.478e-14
9.2973, 9.4781e-14
9.3043, 9.448e-14
9.3112, 9.4481e-14
9.3181, 9.4482e-14
9.3251, 9.4182e-14
9.3321, 9.4182e-14
9.339, 9.3883e-14
9.346, 9.3884e-14
9.353, 9.3586e-14
9.3599, 9.3586e-14
9.3669, 9.3587e-14
9.3739, 9.329e-14
9.3809, 9.3291e-14
9.3879, 9.2994e-14
9.3949, 9.2995e-14
9.402, 9.27e-14
9.409, 9.2701e-14
9.416, 9.2701e-14
9.423, 9.2407e-14
9.4301, 9.2408e-14
9.4371, 9.2114e-14
9.4441, 9.2115e-14
9.4512, 9.1822e-14
9.4582, 9.1823e-14
9.4653, 9.1824e-14
9.4724, 9.1532e-14
9.4794, 9.1533e-14
9.4865, 9.1242e-14
9.4936, 9.1243e-14
9.5007, 9.1244e-14
9.5078, 9.0954e-14
9.5149, 9.0954e-14
9.522, 9.0666e-14
9.5291, 9.0666e-14
9.5362, 9.0667e-14
9.5433, 9.0379e-14
9.5504, 9.038e-14
9.5575, 9.0381e-14
9.5647, 9.0093e-14
9.5718, 9.0094e-14
9.579, 8.9808e-14
9.5861, 8.9809e-14
9.5933, 8.981e-14
9.6005, 8.9524e-14
9.6076, 8.9525e-14
9.6148, 8.9241e-14
9.6219, 8.9241e-14
9.6292, 8.9242e-14
9.6362, 8.8959e-14
9.6435, 8.8959e-14
9.6507, 8.8677e-14
9.6579, 8.8677e-14
9.6651, 8.8678e-14
9.6724, 8.8397e-14
9.6796, 8.8397e-14
9.6867, 8.8116e-14
9.694, 8.8117e-14
9.7013, 8.7837e-14
9.7085, 8.7838e-14
9.7158, 8.7559e-14
9.7229, 8.756e-14
9.7303, 8.756e-14
9.7375, 8.7282e-14
9.7448, 8.7283e-14
9.7521, 8.7006e-14
9.7593, 8.7006e-14
9.7666, 8.673e-14
9.7739, 8.6731e-14
9.7812, 8.6455e-14
9.7885, 8.6456e-14
9.7957, 8.6181e-14
9.8031, 8.6182e-14
9.8105, 8.5908e-14
9.8178, 8.5635e-14
9.8251, 8.5636e-14
9.8324, 8.5364e-14
9.8397, 8.5365e-14
9.8471, 8.5094e-14
9.8545, 8.5094e-14
9.8618, 8.4824e-14
9.8692, 8.4825e-14
9.8766, 8.4555e-14
9.8839, 8.4287e-14
9.8913, 8.4287e-14
9.8987, 8.402e-14
9.9061, 8.402e-14
9.9135, 8.3754e-14
9.9209, 8.3754e-14
9.9283, 8.3488e-14
9.9357, 8.3223e-14
9.9431, 8.3224e-14
9.9505, 8.2959e-14
9.958, 8.296e-14
9.9654, 8.2696e-14
9.9727, 8.2697e-14
9.9803, 8.2434e-14
9.9877, 8.2173e-14
9.9952, 8.2173e-14
10.0026, 8.1912e-14
10.0101, 8.1913e-14
10.0176, 8.1653e-14
10.0251, 8.1653e-14
10.0325, 8.1394e-14
10.04, 8.1135e-14
10.0475, 8.1136e-14
10.055, 8.0878e-14
10.0625, 8.0879e-14
10.07, 8.0622e-14
10.0776, 8.0366e-14
10.0851, 8.0367e-14
10.0926, 8.0111e-14
10.1001, 8.0112e-14
10.1077, 7.9858e-14
10.1152, 7.9604e-14
10.1228, 7.9605e-14
10.1303, 7.9352e-14
10.1379, 7.9352e-14
10.1455, 7.9353e-14
10.1455, 7.91e-14
10.153, 7.8849e-14
10.1606, 7.885e-14
10.1682, 7.8599e-14
10.1758, 7.835e-14
10.1834, 7.835e-14
10.191, 7.8101e-14
10.1985, 7.7853e-14
10.2062, 7.7854e-14
10.2138, 7.7607e-14
10.2214, 7.7607e-14
10.2291, 7.7608e-14
10.2367, 7.7361e-14
10.2444, 7.7362e-14
10.2444, 7.7116e-14
10.252, 7.6871e-14
10.2597, 7.6871e-14
10.2673, 7.6627e-14
10.2673, 7.6383e-14
10.275, 7.6384e-14
10.2826, 7.6141e-14
10.2903, 7.5899e-14
10.298, 7.59e-14
10.3057, 7.5901e-14
10.3134, 7.5659e-14
10.3211, 7.566e-14
10.3211, 7.5419e-14
10.3288, 7.518e-14
10.3365, 7.518e-14
10.3442, 7.4941e-14
10.3442, 7.4703e-14
10.3519, 7.4703e-14
10.3597, 7.4466e-14
10.3674, 7.4467e-14
10.3674, 7.4229e-14
10.3751, 7.3994e-14
10.3829, 7.3994e-14
10.3906, 7.3759e-14
10.3906, 7.3524e-14
10.3984, 7.3525e-14
10.4061, 7.3291e-14
10.4139, 7.3292e-14
10.4217, 7.3293e-14
10.4295, 7.306e-14
10.4373, 7.2828e-14
10.445, 7.2596e-14
10.4527, 7.2597e-14
10.4606, 7.2366e-14
10.4685, 7.2136e-14
10.4763, 7.1907e-14
10.4841, 7.1908e-14
10.4919, 7.1679e-14
10.4997, 7.1452e-14
10.5076, 7.1225e-14
10.5154, 7.1225e-14
10.5232, 7.0999e-14
10.5311, 7.0774e-14
10.539, 7.0549e-14
10.5469, 7.0325e-14
10.5547, 7.0325e-14
10.5626, 7.0102e-14
10.5705, 6.9879e-14
10.5784, 6.9657e-14
10.5863, 6.9658e-14
10.5941, 6.9437e-14
10.6021, 6.9216e-14
10.6099, 6.8996e-14
10.6179, 6.8777e-14
10.6258, 6.8778e-14
10.6338, 6.8559e-14
10.6417, 6.8341e-14
10.6497, 6.8124e-14
10.6576, 6.8125e-14
10.6656, 6.7908e-14
10.6735, 6.7693e-14
10.6815, 6.7478e-14
10.6895, 6.7263e-14
10.6974, 6.7264e-14
10.7054, 6.705e-14
10.7134, 6.6837e-14
10.7214, 6.6625e-14
10.7294, 6.6413e-14
10.7374, 6.6414e-14
10.7454, 6.6203e-14
10.7534, 6.5993e-14
10.7614, 6.5783e-14
10.7694, 6.5574e-14
10.7776, 6.5575e-14
10.7856, 6.5366e-14
10.7936, 6.5159e-14
10.8016, 6.4952e-14
10.8098, 6.4745e-14
10.8178, 6.4746e-14
10.8258, 6.454e-14
10.834, 6.4335e-14
10.842, 6.4131e-14
10.8502, 6.3927e-14
10.8582, 6.3928e-14
10.8664, 6.3725e-14
10.8745, 6.3522e-14
10.8826, 6.332e-14
10.8907, 6.3119e-14
10.8989, 6.312e-14
10.907, 6.2919e-14
10.9152, 6.2719e-14
10.9233, 6.252e-14
10.9315, 6.2322e-14
10.9396, 6.2322e-14
10.9478, 6.2124e-14
10.956, 6.1927e-14
10.9641, 6.173e-14
10.9723, 6.1731e-14
10.9805, 6.1534e-14
10.9887, 6.1339e-14
10.9969, 6.1144e-14
11.0051, 6.095e-14
11.0133, 6.095e-14
11.0215, 6.0757e-14
11.0298, 6.0564e-14
11.038, 6.0371e-14
11.0462, 6.018e-14
11.0545, 5.9988e-14
11.0627, 5.9798e-14
11.071, 5.9798e-14
11.0793, 5.9608e-14
11.0875, 5.9419e-14
11.0958, 5.923e-14
11.1041, 5.9042e-14
11.1124, 5.8855e-14
11.1207, 5.8668e-14
11.129, 5.8668e-14
11.1373, 5.8482e-14
11.1456, 5.8296e-14
11.1539, 5.8111e-14
11.1622, 5.7926e-14
11.1706, 5.7742e-14
11.1789, 5.7559e-14
11.1873, 5.7376e-14
11.1956, 5.7377e-14
11.204, 5.7194e-14
11.2123, 5.7013e-14
11.2207, 5.6832e-14
11.2291, 5.6651e-14
11.2375, 5.6471e-14
11.2459, 5.6292e-14
11.2542, 5.6113e-14
11.2626, 5.6113e-14
11.2711, 5.5935e-14
11.2795, 5.5757e-14
11.2879, 5.558e-14
11.2963, 5.5404e-14
11.3047, 5.5228e-14
11.3132, 5.5052e-14
11.3216, 5.4877e-14
11.3301, 5.4703e-14
11.3385, 5.4704e-14
11.347, 5.453e-14
11.3555, 5.4357e-14
11.3639, 5.4184e-14
11.3724, 5.4012e-14
11.3809, 5.384e-14
11.3894, 5.3669e-14
11.3979, 5.3499e-14
11.4064, 5.3329e-14
11.4149, 5.3159e-14
11.4235, 5.316e-14
11.432, 5.2991e-14
11.4405, 5.2823e-14
11.4491, 5.2655e-14
11.4576, 5.2488e-14
11.4662, 5.2321e-14
11.4747, 5.2155e-14
11.4833, 5.1989e-14
11.4919, 5.1824e-14
11.5004, 5.1659e-14
11.509, 5.1495e-14
11.5175, 5.1332e-14
11.5262, 5.1168e-14
11.5348, 5.1006e-14
11.5434, 5.0844e-14
11.552, 5.0682e-14
11.5607, 5.0521e-14
11.5693, 5.0361e-14
11.5779, 5.0201e-14
11.5866, 5.0042e-14
11.5952, 4.9883e-14
11.6038, 4.9724e-14
11.6125, 4.9566e-14
11.6212, 4.9409e-14
11.6299, 4.9252e-14
11.6385, 4.9095e-14
11.6473, 4.8939e-14
11.6559, 4.8784e-14
11.6646, 4.8629e-14
11.6734, 4.8474e-14
11.6821, 4.832e-14
11.6907, 4.8321e-14
11.6907, 4.8167e-14
11.6995, 4.8167e-14
11.6995, 4.8014e-14
11.7082, 4.8014e-14
11.7082, 4.7861e-14
11.717, 4.7862e-14
11.717, 4.7709e-14
11.7257, 4.771e-14
11.7257, 4.7558e-14
11.7345, 4.7558e-14
11.7345, 4.7407e-14
11.7431, 4.7407e-14
11.7431, 4.7256e-14
11.752, 4.7257e-14
11.752, 4.7106e-14
11.7608, 4.7107e-14
11.7608, 4.6956e-14
11.7696, 4.6957e-14
11.7696, 4.6807e-14
11.7783, 4.6808e-14
11.7783, 4.6659e-14
11.7871, 4.6659e-14
11.7871, 4.651e-14
11.7959, 4.6511e-14
11.8047, 4.6363e-14
11.8136, 4.6216e-14
11.8224, 4.6069e-14
11.8312, 4.5923e-14
11.8399, 4.5923e-14
11.8489, 4.5923e-14
11.8577, 4.5778e-14
11.8666, 4.5632e-14
11.8754, 4.5487e-14
11.8843, 4.5343e-14
11.8932, 4.5199e-14
11.902, 4.5055e-14
11.902, 4.4912e-14
11.902, 4.4769e-14
11.9109, 4.4769e-14
11.9109, 4.4626e-14
11.9198, 4.4627e-14
11.9198, 4.4485e-14
11.9287, 4.4485e-14
11.9287, 4.4343e-14
11.9376, 4.4344e-14
11.9376, 4.4202e-14
11.9465, 4.4203e-14
11.9465, 4.4062e-14
11.9554, 4.4062e-14
11.9554, 4.3922e-14
11.9644, 4.3922e-14
11.9644, 4.3783e-14
11.9733, 4.3783e-14
11.9733, 4.3643e-14
11.9733, 4.3504e-14
11.9822, 4.3505e-14
11.9822, 4.3366e-14
11.9912, 4.3229e-14
12.0001, 4.3091e-14
12.0091, 4.2954e-14
12.0181, 4.2818e-14
12.027, 4.2682e-14
12.036, 4.2546e-14
12.045, 4.2411e-14
12.054, 4.2276e-14
12.054, 4.2142e-14
12.063, 4.2008e-14
12.063, 4.1874e-14
12.072, 4.1741e-14
12.081, 4.1609e-14
12.09, 4.1476e-14
12.099, 4.1345e-14
12.1081, 4.1213e-14
12.1171, 4.1082e-14
12.1262, 4.0952e-14
12.1352, 4.0822e-14
12.1443, 4.0692e-14
12.1533, 4.0563e-14
12.1623, 4.0434e-14
12.1715, 4.0306e-14
12.1806, 4.0178e-14
12.1897, 4.005e-14
12.1988, 3.9923e-14
12.2079, 3.9796e-14
12.217, 3.9669e-14
12.2261, 3.9543e-14
12.2352, 3.9418e-14
12.2444, 3.9293e-14
12.2535, 3.9168e-14
12.2626, 3.9043e-14
12.2718, 3.8919e-14
12.281, 3.8796e-14
12.2901, 3.8673e-14
12.2993, 3.8673e-14
12.3085, 3.8673e-14
12.3176, 3.855e-14
12.3269, 3.8428e-14
12.3361, 3.8306e-14
12.3453, 3.8184e-14
12.3545, 3.8063e-14
12.3637, 3.7942e-14
12.3729, 3.7821e-14
12.3822, 3.7701e-14
12.3914, 3.7581e-14
12.4007, 3.7462e-14
12.4007, 3.7343e-14
12.4007, 3.7224e-14
12.4099, 3.7224e-14
12.4099, 3.7106e-14
12.4192, 3.7106e-14
12.4192, 3.6988e-14
12.4285, 3.6988e-14
12.4285, 3.687e-14
12.4377, 3.6871e-14
12.4377, 3.6753e-14
12.447, 3.6753e-14
12.447, 3.6636e-14
12.4563, 3.6637e-14
12.4563, 3.652e-14
12.4656, 3.652e-14
12.4656, 3.6404e-14
12.4656, 3.6288e-14
12.4656, 3.6173e-14
12.4748, 3.6058e-14
12.4842, 3.5943e-14
12.4935, 3.5829e-14
12.5029, 3.5715e-14
12.5122, 3.5602e-14
12.5215, 3.5489e-14
12.5215, 3.5376e-14
12.5309, 3.5263e-14
12.5402, 3.5151e-14
12.5495, 3.5039e-14
12.559, 3.4928e-14
12.5684, 3.4817e-14
12.5777, 3.4707e-14
12.5871, 3.4596e-14
12.5871, 3.4486e-14
12.5965, 3.4377e-14
12.6059, 3.4267e-14
12.6153, 3.4159e-14
12.6247, 3.405e-14
12.6341, 3.3942e-14
12.6436, 3.3834e-14
12.653, 3.3727e-14
12.653, 3.3619e-14
12.6625, 3.3512e-14
12.6719, 3.3406e-14
12.6814, 3.33e-14
12.6909, 3.3194e-14
12.7003, 3.3089e-14
12.7098, 3.2984e-14
12.7098, 3.2879e-14
12.7193, 3.2774e-14
12.7288, 3.267e-14
12.7383, 3.2566e-14
12.7478, 3.2463e-14
12.7572, 3.236e-14
12.7572, 3.2257e-14
12.7669, 3.2154e-14
12.7764, 3.2052e-14
12.7859, 3.195e-14
12.7955, 3.1849e-14
12.805, 3.1748e-14
12.8146, 3.1647e-14
12.8146, 3.1546e-14
12.8241, 3.1446e-14
12.8336, 3.1346e-14
12.8433, 3.1246e-14
12.8529, 3.1147e-14
12.8625, 3.1048e-14
12.8625, 3.0949e-14
12.8721, 3.0851e-14
12.8817, 3.0753e-14
12.8913, 3.0655e-14
12.9009, 3.0558e-14
12.9106, 3.0461e-14
12.9106, 3.0364e-14
12.9202, 3.0267e-14
12.9298, 3.0171e-14
12.9395, 3.0075e-14
12.9491, 2.998e-14
12.9491, 2.9884e-14
12.9588, 2.9789e-14
12.9685, 2.9695e-14
12.9782, 2.96e-14
12.9879, 2.9506e-14
12.9975, 2.9413e-14
12.9976, 2.9319e-14
13.0073, 2.9226e-14
13.017, 2.9133e-14
13.0267, 2.904e-14
13.0364, 2.8948e-14
13.0364, 2.8856e-14
13.0461, 2.8764e-14
13.0559, 2.8673e-14
13.0656, 2.8582e-14
13.0754, 2.8491e-14
13.0754, 2.84e-14
13.0851, 2.831e-14
13.0949, 2.822e-14
13.1047, 2.8131e-14
13.1145, 2.8041e-14
13.1145, 2.7952e-14
13.1242, 2.7863e-14
13.134, 2.7775e-14
13.1438, 2.7686e-14
13.1537, 2.7598e-14
13.1537, 2.7511e-14
13.1635, 2.7423e-14
13.1733, 2.7336e-14
13.1831, 2.7249e-14
13.193, 2.7163e-14
13.193, 2.7076e-14
13.2028, 2.699e-14
13.2127, 2.6904e-14
13.2225, 2.6819e-14
13.2225, 2.6734e-14
13.2324, 2.6649e-14
13.2423, 2.6564e-14
13.2522, 2.648e-14
13.2621, 2.6395e-14
13.2621, 2.6311e-14
13.272, 2.6228e-14
13.2819, 2.6145e-14
13.2918, 2.6061e-14
13.2918, 2.5978e-14
13.3017, 2.5896e-14
13.3115, 2.5814e-14
13.3216, 2.5732e-14
13.3315, 2.565e-14
13.3315, 2.5568e-14
13.3415, 2.5487e-14
13.3514, 2.5406e-14
13.3614, 2.5325e-14
13.3614, 2.5245e-14
13.3714, 2.5165e-14
13.3814, 2.5085e-14
13.3914, 2.5005e-14
13.3914, 2.4925e-14
13.4013, 2.4846e-14
13.4114, 2.4767e-14
13.4214, 2.4689e-14
13.4314, 2.461e-14
13.4314, 2.4532e-14
13.4414, 2.4454e-14
13.4514, 2.4376e-14
13.4615, 2.4299e-14
13.4615, 2.4221e-14
13.4715, 2.4144e-14
13.4816, 2.4068e-14
13.4917, 2.3991e-14
13.4917, 2.3915e-14
13.5017, 2.3839e-14
13.5118, 2.3763e-14
13.5219, 2.3688e-14
13.5219, 2.3612e-14
13.532, 2.3537e-14
13.5421, 2.3462e-14
13.5522, 2.3388e-14
13.5522, 2.3313e-14
13.5623, 2.3239e-14
13.5724, 2.3166e-14
13.5826, 2.3092e-14
13.5826, 2.3018e-14
13.5927, 2.2945e-14
13.6029, 2.2872e-14
13.613, 2.28e-14
13.613, 2.2727e-14
13.6232, 2.2727e-14
13.6333, 2.2655e-14
13.6333, 2.2583e-14
13.6435, 2.2511e-14
13.6537, 2.2511e-14
13.6537, 2.244e-14
13.6639, 2.2368e-14
13.6741, 2.2297e-14
13.6843, 2.2227e-14
13.6843, 2.2156e-14
13.6945, 2.2085e-14
13.7046, 2.2086e-14
13.7046, 2.2015e-14
13.7149, 2.1945e-14
13.7252, 2.1876e-14
13.7252, 2.1806e-14
13.7252, 2.1736e-14
13.7355, 2.1667e-14
13.7457, 2.1668e-14
13.756, 2.1599e-14
13.7662, 2.153e-14
13.7765, 2.1462e-14
13.7868, 2.1394e-14
13.7868, 2.1325e-14
13.7971, 2.1258e-14
13.8074, 2.119e-14
13.8176, 2.1123e-14
13.8176, 2.1056e-14
13.8279, 2.0989e-14
13.8279, 2.0922e-14
13.8383, 2.0922e-14
13.8383, 2.0855e-14
13.8487, 2.0789e-14
13.859, 2.0723e-14
13.859, 2.0657e-14
13.8693, 2.0657e-14
13.8797, 2.0592e-14
13.8797, 2.0526e-14
13.8901, 2.0461e-14
13.9003, 2.0396e-14
13.9108, 2.0331e-14
13.9108, 2.0266e-14
13.9212, 2.0202e-14
13.9316, 2.0202e-14
13.9316, 2.0138e-14
13.9316, 2.0074e-14
13.942, 2.001e-14
13.9524, 1.9946e-14
13.9524, 1.9883e-14
13.9628, 1.982e-14
13.9731, 1.9757e-14
13.9837, 1.9694e-14
13.9837, 1.9631e-14
13.9941, 1.9569e-14
14.0045, 1.9507e-14
14.015, 1.9445e-14
14.015, 1.9383e-14
14.0255, 1.9321e-14
14.0359, 1.926e-14
14.0464, 1.9199e-14
14.0464, 1.9138e-14
14.0569, 1.9077e-14
14.0674, 1.9016e-14
14.0779, 1.8956e-14
14.0779, 1.8895e-14
14.0884, 1.8835e-14
14.0989, 1.8776e-14
14.1094, 1.8716e-14
14.1094, 1.8656e-14
14.12, 1.8597e-14
14.1305, 1.8538e-14
14.1411, 1.8479e-14
14.1411, 1.842e-14
14.1516, 1.8362e-14
14.1622, 1.8303e-14
14.1727, 1.8245e-14
14.1727, 1.8187e-14
14.1833, 1.8129e-14
14.1939, 1.8072e-14
14.2045, 1.8014e-14
14.2045, 1.7957e-14
14.2151, 1.79e-14
14.2257, 1.7843e-14
14.2257, 1.7786e-14
14.2363, 1.773e-14
14.2469, 1.7673e-14
14.2576, 1.7617e-14
14.2576, 1.7561e-14
14.2682, 1.7505e-14
14.2789, 1.745e-14
14.2789, 1.7394e-14
14.2896, 1.7339e-14
14.3002, 1.7284e-14
14.3109, 1.7229e-14
14.3109, 1.7174e-14
14.3216, 1.712e-14
14.3323, 1.7065e-14
14.343, 1.7011e-14
14.343, 1.6957e-14
14.3537, 1.6957e-14
14.3537, 1.6903e-14
14.3537, 1.6849e-14
14.3537, 1.6796e-14
14.3644, 1.6742e-14
14.3751, 1.6742e-14
14.3751, 1.6689e-14
14.3858, 1.6689e-14
14.3858, 1.6636e-14
14.3858, 1.6583e-14
14.3966, 1.653e-14
14.4073, 1.653e-14
14.4073, 1.6478e-14
14.4181, 1.6478e-14
14.4181, 1.6425e-14
14.4181, 1.6373e-14
14.4289, 1.6321e-14
14.4396, 1.6269e-14
14.4396, 1.6217e-14
14.4504, 1.6166e-14
14.4612, 1.6115e-14
14.472, 1.6063e-14
14.472, 1.6012e-14
14.4828, 1.5961e-14
14.4936, 1.5911e-14
14.5044, 1.586e-14
14.5044, 1.581e-14
14.5152, 1.5759e-14
14.5261, 1.5709e-14
14.5369, 1.5659e-14
14.5478, 1.561e-14
14.5478, 1.556e-14
14.5586, 1.5511e-14
14.5695, 1.5461e-14
14.5804, 1.5412e-14
14.5804, 1.5363e-14
14.5913, 1.5314e-14
14.6021, 1.5266e-14
14.6131, 1.5217e-14
14.624, 1.5169e-14
14.624, 1.5121e-14
14.6349, 1.5073e-14
14.6458, 1.5025e-14
14.6566, 1.4977e-14
14.6566, 1.4929e-14
14.6677, 1.4882e-14
14.6785, 1.4835e-14
14.6896, 1.4787e-14
14.7006, 1.474e-14
14.7006, 1.4693e-14
14.7115, 1.4647e-14
14.7225, 1.46e-14
14.7335, 1.4554e-14
14.7445, 1.4508e-14
14.7445, 1.4461e-14
14.7555, 1.4416e-14
14.7665, 1.437e-14
14.7774, 1.4324e-14
14.7886, 1.4279e-14
14.7886, 1.4233e-14
14.7995, 1.4188e-14
14.8107, 1.4143e-14
14.8216, 1.4098e-14
14.8328, 1.4053e-14
14.8328, 1.4008e-14
14.8439, 1.3964e-14
14.8549, 1.392e-14
14.866, 1.3875e-14
14.8771, 1.3831e-14
14.8771, 1.3787e-14
14.8881, 1.3743e-14
14.8993, 1.37e-14
14.9104, 1.3656e-14
14.9216, 1.3613e-14
14.9327, 1.357e-14
14.9327, 1.3526e-14
14.9439, 1.3483e-14
14.955, 1.3441e-14
14.9662, 1.3398e-14
14.9774, 1.3355e-14
14.9885, 1.3313e-14
14.9885, 1.327e-14
14.9997, 1.3228e-14
15.0109, 1.3186e-14
15.0221, 1.3144e-14
15.0334, 1.3103e-14
15.0446, 1.3061e-14
15.0558, 1.302e-14
15.0558, 1.2978e-14
15.067, 1.2937e-14
15.0783, 1.2896e-14
15.0895, 1.2855e-14
15.1008, 1.2814e-14
15.1121, 1.2773e-14
15.1234, 1.2733e-14
15.1234, 1.2692e-14
15.1347, 1.2652e-14
15.1459, 1.2612e-14
15.1573, 1.2572e-14
15.1686, 1.2532e-14
15.1799, 1.2492e-14
15.1912, 1.2452e-14
15.1912, 1.2413e-14
15.2026, 1.2373e-14
15.2139, 1.2334e-14
15.2253, 1.2295e-14
15.2366, 1.2256e-14
15.248, 1.2217e-14
15.2594, 1.2178e-14
15.2708, 1.2139e-14
15.2708, 1.21e-14
15.2822, 1.2062e-14
15.2936, 1.2024e-14
15.305, 1.1986e-14
15.3164, 1.1947e-14
15.3279, 1.191e-14
15.3393, 1.1872e-14
15.3508, 1.1834e-14
15.3622, 1.1796e-14
15.3622, 1.1759e-14
15.3737, 1.1721e-14
15.3852, 1.1684e-14
15.3966, 1.1647e-14
15.4081, 1.161e-14
15.4196, 1.1573e-14
15.4311, 1.1536e-14
15.4426, 1.15e-14
15.4542, 1.1463e-14
15.4657, 1.1427e-14
15.4773, 1.1391e-14
15.4773, 1.1354e-14
15.4888, 1.1318e-14
15.5004, 1.1282e-14
15.512, 1.1246e-14
15.5234, 1.1211e-14
15.5351, 1.1175e-14
15.5467, 1.114e-14
15.5583, 1.1104e-14
15.5699, 1.1069e-14
15.5816, 1.1034e-14
15.5932, 1.0999e-14
15.6048, 1.0964e-14
15.6165, 1.0929e-14
15.628, 1.0894e-14
15.6398, 1.086e-14
15.6515, 1.0825e-14
15.6632, 1.0791e-14
15.6749, 1.0791e-14
15.6865, 1.0791e-14
15.6865, 1.0757e-14
15.6983, 1.0757e-14
15.6983, 1.0722e-14
15.71, 1.0723e-14
15.71, 1.0688e-14
15.7217, 1.0688e-14
15.7217, 1.0654e-14
15.7334, 1.0654e-14
15.7334, 1.0621e-14
15.7452, 1.0621e-14
15.7569, 1.0587e-14
15.7687, 1.0553e-14
15.7805, 1.052e-14
15.7923, 1.0486e-14
15.804, 1.0453e-14
15.8157, 1.042e-14
15.8277, 1.0387e-14
15.8395, 1.0354e-14
15.8513, 1.0321e-14
15.8631, 1.0288e-14
15.875, 1.0255e-14
15.8868, 1.0255e-14
15.8987, 1.0223e-14
15.9104, 1.019e-14
15.9224, 1.0158e-14
15.9343, 1.0126e-14
15.9462, 1.0094e-14
15.9462, 1.0061e-14
15.9581, 1.0062e-14
15.9581, 1.003e-14
15.97, 1.003e-14
15.97, 9.9977e-15
15.9819, 9.9977e-15
15.9819, 9.9659e-15
15.9939, 9.966e-15
16.0058, 9.9661e-15
16.0177, 9.9344e-15
16.0297, 9.9028e-15
16.0417, 9.8714e-15
16.0536, 9.84e-15
16.0656, 9.8088e-15
16.0776, 9.7776e-15
16.0896, 9.7466e-15
16.1016, 9.7466e-15
16.1016, 9.7156e-15
16.1137, 9.6847e-15
16.1257, 9.6848e-15
16.1377, 9.6541e-15
16.1377, 9.6233e-15
16.1498, 9.6234e-15
16.1618, 9.5928e-15
16.1739, 9.5623e-15
16.1739, 9.5319e-15
16.186, 9.532e-15
16.198, 9.5017e-15
16.198, 9.4714e-15
16.2101, 9.4715e-15
16.2222, 9.4414e-15
16.2343, 9.4114e-15
16.2465, 9.4115e-15
16.2465, 9.3815e-15
16.2586, 9.3816e-15
16.2707, 9.3518e-15
16.2829, 9.3221e-15
16.295, 9.3222e-15
16.295, 9.2925e-15
16.3072, 9.2926e-15
16.3194, 9.2631e-15
16.3315, 9.2336e-15
16.3437, 9.2337e-15
16.3437, 9.2043e-15
16.3559, 9.2044e-15
16.3681, 9.1751e-15
16.3804, 9.1752e-15
16.3804, 9.146e-15
16.3926, 9.1461e-15
16.4048, 9.117e-15
16.4171, 9.1171e-15
16.4293, 9.0881e-15
16.4416, 9.0593e-15
16.4539, 9.0593e-15
16.4661, 9.0306e-15
16.4784, 9.0019e-15
16.4907, 9.002e-15
16.503, 8.9734e-15
16.5154, 8.9734e-15
16.5276, 8.9449e-15
16.54, 8.9165e-15
16.5524, 8.9166e-15
16.5647, 8.8883e-15
16.5771, 8.8883e-15
16.5895, 8.8601e-15
16.6018, 8.8602e-15
16.6141, 8.832e-15
16.6266, 8.8321e-15
16.6391, 8.804e-15
16.6515, 8.8041e-15
16.6639, 8.7762e-15
16.6763, 8.7762e-15
16.6888, 8.7484e-15
16.7012, 8.7484e-15
16.7137, 8.7206e-15
16.7262, 8.7207e-15
16.7387, 8.7208e-15
16.7511, 8.7208e-15
16.7637, 8.6931e-15
16.7762, 8.6932e-15
16.7887, 8.6656e-15
16.8012, 8.6657e-15
16.8138, 8.6657e-15
16.8138, 8.6382e-15
16.8263, 8.6382e-15
16.8389, 8.6108e-15
16.8515, 8.6109e-15
16.8639, 8.6109e-15
16.8766, 8.5836e-15
16.8892, 8.5836e-15
16.9018, 8.5564e-15
16.9144, 8.5564e-15
16.9271, 8.5565e-15
16.9397, 8.5566e-15
16.9523, 8.5294e-15
16.9649, 8.5295e-15
16.9777, 8.5024e-15
16.9903, 8.5025e-15
17.003, 8.5025e-15
17.0157, 8.5026e-15
17.0284, 8.4756e-15
17.0411, 8.4757e-15
17.0538, 8.4757e-15
17.0666, 8.4758e-15
17.0793, 8.4759e-15
17.0921, 8.4759e-15
17.1048, 8.476e-15
17.1176, 8.4491e-15
17.1304, 8.4492e-15
17.1431, 8.4492e-15
17.1559, 8.4493e-15
17.1688, 8.4225e-15
17.1816, 8.4225e-15
17.1944, 8.4226e-15
17.2072, 8.4227e-15
17.2201, 8.3959e-15
17.2328, 8.396e-15
17.2458, 8.396e-15
17.2587, 8.3961e-15
17.2715, 8.3962e-15
17.2844, 8.3963e-15
17.2973, 8.3963e-15
17.3102, 8.3964e-15
17.3232, 8.3965e-15
17.3361, 8.3965e-15
17.349, 8.3966e-15
17.362, 8.3967e-15
17.3749, 8.3967e-15
17.3879, 8.3968e-15
17.4009, 8.3701e-15
17.4139, 8.3702e-15
17.4269, 8.3703e-15
17.4399, 8.3703e-15
17.4529, 8.3704e-15
17.4659, 8.3705e-15
17.479, 8.3706e-15
17.492, 8.3706e-15
17.5051, 8.3707e-15
17.5181, 8.3708e-15
17.5312, 8.3708e-15
17.5443, 8.3709e-15
17.5574, 8.371e-15
17.5705, 8.371e-15
17.5836, 8.3711e-15
17.5967, 8.3712e-15
17.6099, 8.3712e-15
17.623, 8.3713e-15
17.6362, 8.3714e-15
17.6493, 8.3715e-15
17.6625, 8.3715e-15
17.6757, 8.3716e-15
17.6888, 8.3717e-15
17.7021, 8.3717e-15
17.7153, 8.3718e-15
17.7285, 8.3719e-15
17.7418, 8.3719e-15
17.755, 8.372e-15
17.7683, 8.3988e-15
17.7814, 8.3989e-15
17.7948, 8.399e-15
17.8081, 8.399e-15
17.8214, 8.3991e-15
17.8347, 8.426e-15
17.8479, 8.4261e-15
17.8613, 8.4261e-15
17.8746, 8.4262e-15
17.888, 8.4263e-15
17.9013, 8.4533e-15
17.9146, 8.4533e-15
17.9281, 8.4534e-15
17.9414, 8.4535e-15
17.9548, 8.4536e-15
17.9682, 8.4806e-15
17.9816, 8.4807e-15
17.995, 8.4808e-15
18.0085, 8.4808e-15
18.0219, 8.4809e-15
18.0354, 8.481e-15
18.0489, 8.5082e-15
18.0623, 8.5082e-15
18.0758, 8.5083e-15
18.0893, 8.5355e-15
18.1028, 8.5356e-15
18.1163, 8.563e-15
18.1298, 8.563e-15
18.1434, 8.5631e-15
18.1569, 8.5905e-15
18.1705, 8.5906e-15
18.184, 8.6181e-15
18.1976, 8.6182e-15
18.2112, 8.6183e-15
18.2248, 8.6459e-15
18.2384, 8.6459e-15
18.252, 8.6736e-15
18.2656, 8.6737e-15
18.2792, 8.6738e-15
18.2929, 8.7016e-15
18.3065, 8.7016e-15
18.3202, 8.7295e-15
18.3338, 8.7575e-15
18.3476, 8.7575e-15
18.3613, 8.7856e-15
18.375, 8.8137e-15
18.3887, 8.8138e-15
18.4024, 8.842e-15
18.4161, 8.8704e-15
18.4299, 8.8988e-15
18.4436, 8.8989e-15
18.4574, 8.9274e-15
18.4712, 8.956e-15
18.4849, 8.9846e-15
18.4988, 9.0134e-15
18.5126, 9.0135e-15
18.5264, 9.0424e-15
18.5402, 9.0713e-15
18.5541, 9.1004e-15
18.5678, 9.1295e-15
18.5817, 9.1588e-15
18.5956, 9.1881e-15
18.6095, 9.2176e-15
18.6234, 9.2471e-15
18.6373, 9.2767e-15
18.6512, 9.3064e-15
18.6651, 9.3362e-15
18.6791, 9.3661e-15
18.693, 9.3961e-15
18.7069, 9.4262e-15
18.7208, 9.4564e-15
18.7349, 9.4867e-15
18.7349, 9.517e-15
18.7489, 9.5475e-15
18.7489, 9.578e-15
18.7629, 9.5781e-15
18.7629, 9.6087e-15
18.7769, 9.6088e-15
18.7769, 9.6395e-15
18.7769, 9.6703e-15
18.7909, 9.7013e-15
18.8049, 9.7323e-15
18.8049, 9.7634e-15
18.8189, 9.7947e-15
18.833, 9.8261e-15
18.847, 9.8575e-15
18.8611, 9.8891e-15
18.8611, 9.9207e-15
18.8752, 9.9525e-15
18.8893, 9.9844e-15
18.9034, 1.0016e-14
18.9034, 1.0048e-14
18.9175, 1.0081e-14
18.9316, 1.0113e-14
18.9316, 1.0145e-14
18.9457, 1.0178e-14
18.9599, 1.021e-14
18.9599, 1.0243e-14
18.974, 1.0276e-14
18.9882, 1.0309e-14
19.0023, 1.0342e-14
19.0023, 1.0375e-14
19.0165, 1.0408e-14
19.0307, 1.0441e-14
19.0449, 1.0475e-14
19.0449, 1.0508e-14
19.0591, 1.0542e-14
19.0734, 1.0576e-14
19.0876, 1.0609e-14
19.0876, 1.0643e-14
19.1018, 1.0677e-14
19.1161, 1.0712e-14
19.1304, 1.0746e-14
19.1446, 1.078e-14
19.1589, 1.078e-14
19.1732, 1.0815e-14
19.1875, 1.085e-14
19.2019, 1.0884e-14
19.2162, 1.0919e-14
19.2305, 1.0954e-14
19.2449, 1.0954e-14
19.2593, 1.0989e-14
19.2736, 1.1025e-14
19.288, 1.106e-14
19.3024, 1.1095e-14
19.3168, 1.1095e-14
19.3312, 1.1096e-14
19.3312, 1.1131e-14
19.3457, 1.1131e-14
19.3601, 1.1167e-14
19.3746, 1.1167e-14
19.389, 1.1203e-14
19.4035, 1.1238e-14
19.418, 1.1274e-14
19.4325, 1.1311e-14
19.447, 1.1347e-14
19.4615, 1.1347e-14
19.476, 1.1383e-14
19.4905, 1.142e-14
19.5051, 1.1456e-14
19.5197, 1.1493e-14
19.5342, 1.153e-14
19.5488, 1.1567e-14
19.5634, 1.1567e-14
19.5779, 1.1604e-14
19.5926, 1.1641e-14
19.6072, 1.1678e-14
19.6219, 1.1716e-14
19.6364, 1.1753e-14
19.6512, 1.1791e-14
19.6658, 1.1791e-14
19.6804, 1.1829e-14
19.6952, 1.1867e-14
19.7099, 1.1905e-14
19.7246, 1.1943e-14
19.7393, 1.1981e-14
19.7541, 1.2019e-14
19.7688, 1.2058e-14
19.7835, 1.2097e-14
19.7983, 1.2135e-14
19.7983, 1.2174e-14
19.8131, 1.2213e-14
19.8279, 1.2252e-14
19.8427, 1.2291e-14
19.8427, 1.2331e-14
19.8575, 1.2331e-14
19.8575, 1.237e-14
19.8723, 1.237e-14
19.8723, 1.241e-14
19.8872, 1.241e-14
19.8872, 1.245e-14
19.8872, 1.2489e-14
19.902, 1.2529e-14
19.9169, 1.257e-14
19.9317, 1.261e-14
19.9466, 1.265e-14
19.9615, 1.2691e-14
19.9764, 1.2731e-14
19.9764, 1.2772e-14
19.9912, 1.2813e-14
20.0062, 1.2854e-14
20.0211, 1.2895e-14
20.0361, 1.2936e-14
20.051, 1.2978e-14
20.066, 1.3019e-14
20.081, 1.3061e-14
20.096, 1.3103e-14
20.111, 1.3145e-14
20.126, 1.3187e-14
20.126, 1.3229e-14
20.141, 1.3272e-14
20.156, 1.3314e-14
20.1711, 1.3357e-14
20.1861, 1.34e-14
20.2012, 1.3442e-14
20.2163, 1.3486e-14
20.2314, 1.3529e-14
20.2465, 1.3572e-14
20.2616, 1.3616e-14
20.2767, 1.3659e-14
20.2918, 1.3703e-14
20.307, 1.3747e-14
20.307, 1.3791e-14
20.3221, 1.3835e-14
20.3373, 1.3879e-14
20.3525, 1.3924e-14
20.3677, 1.3968e-14
20.3829, 1.4013e-14
20.3981, 1.4058e-14
20.4133, 1.4103e-14
20.4285, 1.4148e-14
20.4438, 1.4193e-14
20.459, 1.4239e-14
20.4743, 1.4285e-14
20.4896, 1.433e-14
20.5049, 1.4376e-14
20.5202, 1.4422e-14
20.5354, 1.4422e-14
20.5354, 1.4468e-14
20.5508, 1.4469e-14
20.5508, 1.4515e-14
20.5662, 1.4515e-14
20.5662, 1.4561e-14
20.5815, 1.4561e-14
20.5815, 1.4608e-14
20.5815, 1.4655e-14
20.5969, 1.4702e-14
20.6122, 1.4749e-14
20.6276, 1.4796e-14
20.643, 1.4843e-14
20.6583, 1.4843e-14
20.6739, 1.4843e-14
20.6739, 1.4891e-14
20.6893, 1.4891e-14
20.6893, 1.4939e-14
20.7046, 1.4939e-14
20.7046, 1.4986e-14
20.7202, 1.4987e-14
20.7202, 1.5034e-14
20.7357, 1.5035e-14
20.7511, 1.5035e-14
20.7666, 1.5083e-14
20.7821, 1.5131e-14
20.7976, 1.518e-14
20.8132, 1.5228e-14
20.8132, 1.5277e-14
20.8287, 1.5277e-14
20.8441, 1.5277e-14
20.8598, 1.5326e-14
20.8754, 1.5375e-14
20.8909, 1.5424e-14
20.9064, 1.5474e-14
20.9221, 1.5523e-14
20.9378, 1.5524e-14
20.9534, 1.5573e-14
20.9689, 1.5623e-14
20.9847, 1.5673e-14
21.0003, 1.5723e-14
21.016, 1.5774e-14
21.0317, 1.5774e-14
21.0474, 1.5824e-14
21.0631, 1.5875e-14
21.0788, 1.5926e-14
21.0946, 1.5977e-14
21.1103, 1.5977e-14
21.1261, 1.6028e-14
21.1418, 1.608e-14
21.1576, 1.6131e-14
21.1734, 1.6183e-14
21.1892, 1.6235e-14
21.205, 1.6235e-14
21.2208, 1.6287e-14
21.2367, 1.6339e-14
21.2525, 1.6391e-14
21.2684, 1.6444e-14
21.2843, 1.6444e-14
21.3002, 1.6497e-14
21.3161, 1.6549e-14
21.332, 1.6603e-14
21.3479, 1.6656e-14
21.3638, 1.6656e-14
21.3798, 1.6709e-14
21.3957, 1.6763e-14
21.4117, 1.6816e-14
21.4277, 1.687e-14
21.4437, 1.687e-14
21.4597, 1.6924e-14
21.4757, 1.6979e-14
21.4917, 1.7033e-14
21.5078, 1.7088e-14
21.5238, 1.7142e-14
21.5399, 1.7142e-14
21.5558, 1.7197e-14
21.572, 1.7252e-14
21.588, 1.7308e-14
21.6042, 1.7363e-14
21.6204, 1.7363e-14
21.6364, 1.7419e-14
21.6526, 1.7475e-14
21.6688, 1.7531e-14
21.685, 1.7587e-14
21.7012, 1.7587e-14
21.7174, 1.7643e-14
21.7336, 1.77e-14
21.7498, 1.7757e-14
21.766, 1.7757e-14
21.7823, 1.7814e-14
21.7985, 1.7871e-14
21.8148, 1.7928e-14
21.8311, 1.7928e-14
21.8474, 1.7985e-14
21.8637, 1.8043e-14
21.88, 1.8043e-14
21.8963, 1.8101e-14
21.9127, 1.8159e-14
21.929, 1.8159e-14
21.9454, 1.8217e-14
21.9618, 1.8217e-14
21.9782, 1.8276e-14
21.9946, 1.8334e-14
22.011, 1.8335e-14
22.0274, 1.8393e-14
22.0439, 1.8452e-14
22.0603, 1.8452e-14
22.0768, 1.8511e-14
22.0933, 1.8571e-14
22.1098, 1.8571e-14
22.1263, 1.863e-14
22.1428, 1.8631e-14
22.1593, 1.869e-14
22.1758, 1.875e-14
22.1924, 1.875e-14
22.209, 1.881e-14
22.2255, 1.8871e-14
22.2421, 1.8871e-14
22.2587, 1.8931e-14
22.2753, 1.8931e-14
22.292, 1.8992e-14
22.3086, 1.9053e-14
22.3253, 1.9053e-14
22.3418, 1.9114e-14
22.3586, 1.9175e-14
22.3753, 1.9175e-14
22.392, 1.9237e-14
22.4087, 1.9237e-14
22.4254, 1.9299e-14
22.4422, 1.936e-14
22.4588, 1.9361e-14
22.4757, 1.9423e-14
22.4925, 1.9423e-14
22.5091, 1.9485e-14
22.526, 1.9547e-14
22.5429, 1.9547e-14
22.5596, 1.961e-14
22.5765, 1.9673e-14
22.5934, 1.9673e-14
22.6101, 1.9736e-14
22.6271, 1.9736e-14
22.644, 1.9799e-14
22.6609, 1.9863e-14
22.6778, 1.9863e-14
22.6947, 1.9927e-14
22.7117, 1.9927e-14
22.7286, 1.9991e-14
22.7456, 2.0055e-14
22.7626, 2.0055e-14
22.7795, 2.0119e-14
22.7966, 2.0119e-14
22.8136, 2.0184e-14
22.8306, 2.0248e-14
22.8476, 2.0249e-14
22.8647, 2.0313e-14
22.8818, 2.0314e-14
22.8988, 2.0379e-14
22.9159, 2.0444e-14
22.933, 2.0444e-14
22.9502, 2.051e-14
22.9673, 2.051e-14
22.9844, 2.0575e-14
23.0016, 2.0641e-14
23.0188, 2.0642e-14
23.0359, 2.0708e-14
23.0531, 2.0708e-14
23.0703, 2.0774e-14
23.0876, 2.0841e-14
23.1048, 2.0841e-14
23.1219, 2.0908e-14
23.1393, 2.0975e-14
23.1566, 2.0975e-14
23.1738, 2.1042e-14
23.1911, 2.1042e-14
23.2084, 2.111e-14
23.2258, 2.111e-14
23.2431, 2.1177e-14
23.2605, 2.1245e-14
23.2778, 2.1245e-14
23.2952, 2.1313e-14
23.3126, 2.1314e-14
23.33, 2.1382e-14
23.3474, 2.145e-14
23.3648, 2.1451e-14
23.3822, 2.1519e-14
23.3997, 2.1588e-14
23.4172, 2.1588e-14
23.4172, 2.1657e-14
23.4346, 2.1657e-14
23.4521, 2.1727e-14
23.4696, 2.1727e-14
23.4872, 2.1727e-14
23.5047, 2.1797e-14
23.5222, 2.1797e-14
23.5398, 2.1797e-14
23.5574, 2.1867e-14
23.5749, 2.1867e-14
23.5925, 2.1937e-14
23.6101, 2.1937e-14
23.6278, 2.1938e-14
23.6454, 2.2008e-14
23.6631, 2.2008e-14
23.6806, 2.2008e-14
23.6984, 2.2079e-14
23.7161, 2.2079e-14
23.7338, 2.2079e-14
23.7515, 2.215e-14
23.7692, 2.215e-14
23.787, 2.215e-14
23.8047, 2.2221e-14
23.8225, 2.2221e-14
23.8403, 2.2222e-14
23.858, 2.2293e-14
23.8759, 2.2293e-14
23.8937, 2.2293e-14
23.9115, 2.2364e-14
23.9294, 2.2365e-14
23.9472, 2.2365e-14
23.9651, 2.2436e-14
23.983, 2.2437e-14
24.0009, 2.2437e-14
24.0188, 2.2509e-14
24.0367, 2.2509e-14
24.0547, 2.2509e-14
24.0726, 2.2581e-14
24.0906, 2.2581e-14
24.1086, 2.2654e-14
24.1266, 2.2654e-14
24.1446, 2.2654e-14
24.1626, 2.2727e-14
24.1807, 2.2727e-14
24.1987, 2.2727e-14
24.2168, 2.28e-14
24.2348, 2.28e-14
24.2529, 2.28e-14
24.271, 2.2873e-14
24.2891, 2.2873e-14
24.3073, 2.2874e-14
24.3254, 2.2947e-14
24.3436, 2.2947e-14
24.3617, 2.2947e-14
24.3799, 2.3021e-14
24.3981, 2.3021e-14
24.4163, 2.3021e-14
24.4346, 2.3095e-14
24.4527, 2.3095e-14
24.471, 2.3095e-14
24.4893, 2.3169e-14
24.5076, 2.3169e-14
24.5259, 2.317e-14
24.5442, 2.3244e-14
24.5625, 2.3244e-14
24.5808, 2.3244e-14
24.5992, 2.3319e-14
24.6176, 2.3319e-14
24.6359, 2.3394e-14
24.6543, 2.3394e-14
24.6726, 2.3394e-14
24.6911, 2.3469e-14
24.7096, 2.3469e-14
24.728, 2.3469e-14
24.7465, 2.3544e-14
24.7649, 2.3545e-14
24.7833, 2.3545e-14
24.8018, 2.362e-14
24.8204, 2.362e-14
24.839, 2.3621e-14
24.8575, 2.3696e-14
24.876, 2.3697e-14
24.8946, 2.3772e-14
24.9132, 2.3773e-14
24.9318, 2.3773e-14
24.9504, 2.3849e-14
24.9689, 2.3849e-14
24.9877, 2.3849e-14
25.0063, 2.3926e-14
25.025, 2.3926e-14
25.0437, 2.3926e-14
25.0623, 2.3926e-14
25.0811, 2.4003e-14
25.0998, 2.4003e-14
25.1185, 2.4003e-14
25.1373, 2.408e-14
25.156, 2.408e-14
25.1748, 2.4081e-14
25.1936, 2.4158e-14
25.2124, 2.4158e-14
25.2312, 2.4235e-14
25.25, 2.4236e-14
25.2689, 2.4236e-14
25.2877, 2.4313e-14
25.3066, 2.4314e-14
25.3255, 2.4314e-14
25.3444, 2.4314e-14
25.3633, 2.4392e-14
25.3822, 2.4392e-14
25.4012, 2.4392e-14
25.4202, 2.4393e-14
25.4391, 2.4393e-14
25.4581, 2.4393e-14
25.4771, 2.4393e-14
25.4962, 2.4393e-14
25.5152, 2.4394e-14
25.5342, 2.4394e-14
25.5533, 2.4472e-14
25.5724, 2.4472e-14
25.5914, 2.4472e-14
25.6105, 2.4472e-14
25.6297, 2.4551e-14
25.6488, 2.4551e-14
25.6679, 2.4551e-14
25.6871, 2.4551e-14
25.7063, 2.4552e-14
25.7255, 2.4552e-14
25.7447, 2.4552e-14
25.7639, 2.4552e-14
25.7831, 2.4553e-14
25.8024, 2.4553e-14
25.8216, 2.4553e-14
25.8409, 2.4553e-14
25.8601, 2.4553e-14
25.8795, 2.4554e-14
25.8988, 2.4554e-14
25.9181, 2.4554e-14
25.9375, 2.4554e-14
25.9567, 2.4554e-14
25.9762, 2.4555e-14
25.9956, 2.4555e-14
26.015, 2.4555e-14
26.0344, 2.4555e-14
26.0538, 2.4555e-14
26.0733, 2.4556e-14
26.0928, 2.4556e-14
26.1122, 2.4556e-14
26.1317, 2.4635e-14
26.1512, 2.4635e-14
26.1707, 2.4635e-14
26.1903, 2.4635e-14
26.2098, 2.4635e-14
26.2294, 2.4636e-14
26.249, 2.4636e-14
26.2686, 2.4636e-14
26.2882, 2.4636e-14
26.3078, 2.4636e-14
26.3274, 2.4637e-14
26.3471, 2.4637e-14
26.3667, 2.4637e-14
26.3864, 2.4637e-14
26.4061, 2.4637e-14
26.4258, 2.4638e-14
26.4456, 2.4638e-14
26.4653, 2.4638e-14
26.4849, 2.4638e-14
26.5048, 2.4638e-14
26.5246, 2.4639e-14
26.5444, 2.4639e-14
26.5642, 2.4639e-14
26.584, 2.4639e-14
26.6038, 2.464e-14
26.6237, 2.464e-14
26.6436, 2.464e-14
26.6635, 2.464e-14
26.6834, 2.464e-14
26.7033, 2.4641e-14
26.7233, 2.4641e-14
26.7431, 2.4641e-14
26.7631, 2.4641e-14
26.7831, 2.4641e-14
26.8031, 2.4642e-14
26.8231, 2.4642e-14
26.8432, 2.4642e-14
26.8632, 2.4642e-14
26.8832, 2.4642e-14
26.9033, 2.4643e-14
26.9234, 2.4643e-14
26.9435, 2.4643e-14
26.9636, 2.4643e-14
26.9837, 2.4643e-14
27.0039, 2.4644e-14
27.024, 2.4644e-14
27.0442, 2.4644e-14
27.0644, 2.4644e-14
27.0846, 2.4644e-14
27.1048, 2.4645e-14
27.125, 2.4645e-14
27.1453, 2.4645e-14
27.1655, 2.4645e-14
27.1858, 2.4645e-14
27.2061, 2.4646e-14
27.2264, 2.4646e-14
27.2467, 2.4646e-14
27.2671, 2.4646e-14
27.2873, 2.4646e-14
27.3078, 2.4647e-14
27.3282, 2.4647e-14
27.3486, 2.4647e-14
27.369, 2.4647e-14
27.3894, 2.4647e-14
27.4099, 2.4648e-14
27.4303, 2.4648e-14
27.4508, 2.4648e-14
27.4713, 2.4648e-14
27.4918, 2.4648e-14
27.5123, 2.4649e-14
27.5328, 2.4649e-14
27.5534, 2.4571e-14
27.5739, 2.4571e-14
27.5945, 2.4571e-14
27.6151, 2.4571e-14
27.6358, 2.4493e-14
27.6564, 2.4493e-14
27.677, 2.4494e-14
27.6977, 2.4494e-14
27.7184, 2.4494e-14
27.7389, 2.4494e-14
27.7598, 2.4494e-14
27.7805, 2.4495e-14
27.8012, 2.4495e-14
27.822, 2.4417e-14
27.8427, 2.4417e-14
27.8635, 2.4417e-14
27.8843, 2.4418e-14
27.9051, 2.4418e-14
27.926, 2.434e-14
27.9468, 2.434e-14
27.9677, 2.4341e-14
27.9885, 2.4341e-14
28.0094, 2.4263e-14
28.0303, 2.4264e-14
28.0513, 2.4264e-14
28.0722, 2.4264e-14
28.0931, 2.4264e-14
28.1141, 2.4264e-14
28.1351, 2.4187e-14
28.1561, 2.4188e-14
28.1771, 2.4188e-14
28.1981, 2.4188e-14
28.2192, 2.4111e-14
28.2403, 2.4111e-14
28.2612, 2.4112e-14
28.2824, 2.4112e-14
28.3035, 2.4035e-14
28.3247, 2.4035e-14
28.3458, 2.4036e-14
28.3458, 2.3959e-14
28.367, 2.3959e-14
28.3881, 2.3959e-14
28.4093, 2.396e-14
28.4304, 2.396e-14
28.4518, 2.396e-14
28.4729, 2.3884e-14
28.4943, 2.3884e-14
28.5154, 2.3884e-14
28.5368, 2.3885e-14
28.5581, 2.3885e-14
28.5794, 2.3809e-14
28.6008, 2.3809e-14
28.6221, 2.3809e-14
28.6435, 2.3809e-14
28.6649, 2.381e-14
28.6862, 2.381e-14
28.7077, 2.381e-14
28.729, 2.381e-14
28.7505, 2.381e-14
28.772, 2.3735e-14
28.7934, 2.3735e-14
28.815, 2.3735e-14
28.8365, 2.3735e-14
28.858, 2.3736e-14
28.8795, 2.3736e-14
28.9011, 2.366e-14
28.9226, 2.3661e-14
28.9443, 2.3661e-14
28.9659, 2.3661e-14
28.9875, 2.3661e-14
29.0091, 2.3661e-14
29.0308, 2.3662e-14
29.0524, 2.3662e-14
29.0741, 2.3662e-14
29.0958, 2.3662e-14
29.1175, 2.3662e-14
29.1393, 2.3663e-14
29.161, 2.3663e-14
29.1828, 2.3663e-14
29.2046, 2.3663e-14
29.2264, 2.3663e-14
29.2482, 2.3663e-14
29.27, 2.3664e-14
29.2919, 2.3664e-14
29.3136, 2.3664e-14
29.3356, 2.3664e-14
29.3575, 2.3664e-14
29.3794, 2.3665e-14
29.3794, 2.3589e-14
29.4013, 2.3589e-14
29.4233, 2.3665e-14
29.4453, 2.3665e-14
29.4453, 2.359e-14
29.4672, 2.359e-14
