0.6670  1.5751
0.6858  1.5751
0.6858  1.1008
0.6943  1.1008
0.6943  1.3366
0.7052  1.3366
0.7052  1.9312
0.7133  1.9312
0.7133  1.9112
0.7248  1.9112
0.7248  1.8913
0.7300  1.8913
0.7300  0.87832
0.7490  0.87832
0.7490  0.86906
0.7548  0.86906
0.7548  0.50028
0.7635  0.50028
0.7635  0.80883
0.7717  0.80883
0.7717  1.8704
0.7799  1.8704
0.7799  2.5415
0.8053  2.5415
0.8053  1.4183
0.8216  1.4183
0.8216  1.1795
0.8389  1.1795
0.8389  0.61279
0.8474  0.61279
0.8474  1.9657
0.8561  1.9657
0.8561  1.8674
0.8637  1.8674
0.8637  2.3863
0.8716  2.3863
0.8716  2.4345
0.8961  2.4345
0.8961  1.6337
0.9045  1.6337
0.9045  1.1420
0.9121  1.1420
0.9121  1.1654
0.9175  1.1654
