#DataThief C:\Users\Junya\Dropbox\workspace\doctor\img\figs\for_jupiter_thief.jpg êÖójì˙ 21-10-2015 3:14:08 åﬂå„
-2.4208, -0.1931
-2.4001, -0.2134
-2.3795, -0.2338
-2.3588, -0.2541
-2.3381, -0.2745
-2.3174, -0.2949
-2.3175, -0.3152
-2.2968, -0.3356
-2.2761, -0.3356
-2.2554, -0.3559
-2.2554, -0.3763
-2.2348, -0.3966
-2.2141, -0.3966
-2.2141, -0.417
-2.1934, -0.4373
-2.1727, -0.4577
-2.1521, -0.478
-2.1521, -0.4984
-2.1314, -0.5188
-2.1107, -0.5187
-2.1107, -0.5391
-2.09, -0.5594
-2.0694, -0.5798
-2.0487, -0.5798
-2.0487, -0.6002
-2.028, -0.6205
-2.0073, -0.6409
-1.9867, -0.6612
-1.966, -0.6816
-1.9453, -0.7019
-1.9245, -0.7223
-1.904, -0.7426
-1.8833, -0.763
-1.8626, -0.7833
-1.8418, -0.8037
-1.8213, -0.8239
-1.8006, -0.8444
-1.7799, -0.8648
-1.7591, -0.8851
-1.7386, -0.9055
-1.7179, -0.9054
-1.6972, -0.9258
-1.6764, -0.9461
-1.6558, -0.9665
-1.6352, -0.9868
-1.6145, -0.9868
-1.5937, -1.0072
-1.5731, -1.0275
-1.5524, -1.0275
-1.5524, -1.0479
-1.5318, -1.0682
-1.511, -1.0886
-1.4904, -1.0886
-1.4697, -1.1089
-1.4491, -1.1293
-1.4284, -1.1496
-1.4077, -1.17
-1.387, -1.17
-1.387, -1.1904
-1.3664, -1.2107
-1.3457, -1.2107
-1.325, -1.231
-1.3043, -1.2514
-1.2836, -1.2717
-1.263, -1.2921
-1.2423, -1.2921
-1.2216, -1.3124
-1.2009, -1.3328
-1.1802, -1.3531
-1.1596, -1.3735
-1.1389, -1.3938
-1.1182, -1.4142
-1.0975, -1.4346
-1.0769, -1.4344
-1.0562, -1.4549
-1.0355, -1.4752
-1.0148, -1.4956
-0.9941, -1.4956
-0.9735, -1.5159
-0.9735, -1.5363
-0.9527, -1.5567
-0.9321, -1.577
-0.9114, -1.577
-0.8908, -1.5973
-0.87, -1.6177
-0.8494, -1.6381
-0.8287, -1.6583
-0.808, -1.6583
-0.7873, -1.6787
-0.7667, -1.6991
-0.746, -1.7194
-0.7252, -1.7398
-0.7046, -1.7602
-0.684, -1.7805
-0.6633, -1.8009
-0.6425, -1.8212
-0.6219, -1.8212
-0.6219, -1.8416
-0.6013, -1.8618
-0.5806, -1.8822
-0.5598, -1.8822
-0.5392, -1.9026
-0.5186, -1.923
-0.4979, -1.9433
-0.4772, -1.9637
-0.4565, -1.984
-0.4359, -2.0044
-0.4152, -2.0247
-0.3945, -2.0247
-0.3738, -2.0451
-0.3531, -2.0654
-0.3325, -2.0858
-0.3118, -2.1061
-0.2911, -2.1265
-0.2704, -2.1468
-0.2498, -2.1468
-0.2291, -2.1672
-0.2291, -2.1875
-0.2084, -2.2079
-0.1877, -2.2079
-0.1671, -2.2282
-0.1464, -2.2486
-0.1257, -2.2689
-0.105, -2.2893
-0.0844, -2.3096
-0.0637, -2.33
-0.043, -2.3503
-0.0223, -2.3707
-1.649e-3, -2.391
0.019, -2.4114
0.0397, -2.4317
0.0604, -2.4521
0.0811, -2.4725
0.1017, -2.4724
0.1224, -2.4928
0.1431, -2.5131
0.1638, -2.5335
0.1844, -2.5537
0.2051, -2.5742
0.2258, -2.5946
0.2465, -2.5945
0.2671, -2.6149
0.2878, -2.6352
0.3085, -2.6556
0.3292, -2.6759
0.3498, -2.6963
0.3705, -2.7167
0.3912, -2.737
0.4119, -2.7574
0.4325, -2.7572
0.4325, -2.7776
0.4532, -2.7981
0.4739, -2.798
0.4946, -2.8184
0.5152, -2.8388
0.536, -2.8591
0.5566, -2.8795
0.5773, -2.8998
0.5979, -2.9202
0.6187, -2.9202
0.6394, -2.9405
0.66, -2.9609
0.6806, -2.9811
0.7014, -3.0016
0.7221, -3.0219
0.7427, -3.0423
0.7633, -3.0423
0.7841, -3.0626
0.8048, -3.083
0.8254, -3.1033
0.846, -3.1237
0.8668, -3.144
0.8875, -3.1644
0.9081, -3.1847
0.9287, -3.1847
0.9495, -3.2051
0.9702, -3.2254
0.9909, -3.2458
1.0115, -3.2661
1.0322, -3.2865
1.0529, -3.2865
1.0735, -3.3068
1.0943, -3.3068
1.0943, -3.3272
1.1149, -3.3475
1.1356, -3.3679
1.1562, -3.3679
1.177, -3.3881
1.1976, -3.4086
1.2183, -3.4289
1.2389, -3.4493
1.2597, -3.4492
1.2804, -3.4696
1.301, -3.49
1.3216, -3.4899
1.3424, -3.5103
1.3631, -3.5306
1.3838, -3.551
1.4043, -3.551
1.4251, -3.5713
1.4458, -3.5917
1.4665, -3.612
1.4872, -3.6324
1.5078, -3.6324
1.5285, -3.6526
1.5492, -3.6731
1.5699, -3.6934
1.5906, -3.6934
1.6112, -3.7138
1.6319, -3.7341
1.6526, -3.7545
1.6733, -3.7545
1.6939, -3.7748
1.7146, -3.7952
1.7353, -3.8155
1.756, -3.8359
1.7767, -3.8359
1.7973, -3.8561
1.818, -3.8766
1.8387, -3.8969
1.8594, -3.9173
1.88, -3.9376
1.9007, -3.958
1.9214, -3.958
1.9421, -3.9783
1.9628, -3.9987
1.9834, -4.019
2.0041, -4.0394
2.0248, -4.0597
2.0455, -4.0801
2.0661, -4.1004
2.0868, -4.1004
2.1075, -4.1208
2.1282, -4.1208
2.1489, -4.1411
2.1696, -4.1411
2.1902, -4.1614
2.2109, -4.1818
2.2316, -4.2022
2.2523, -4.2021
2.273, -4.2225
2.2936, -4.2225
2.3143, -4.2428
2.335, -4.2631
2.3557, -4.2835
2.3763, -4.3039
2.397, -4.3242
2.4177, -4.3242
2.4384, -4.3446
2.4591, -4.3446
2.4797, -4.3649
2.5004, -4.3649
2.5211, -4.3853
2.5417, -4.3852
2.5625, -4.3852
2.5832, -4.4056
2.6038, -4.4056
2.6245, -4.4259
2.6452, -4.4259
2.6659, -4.4259
2.6865, -4.4259
2.7073, -4.4259
2.728, -4.4462
2.7487, -4.4462
2.7692, -4.4666
2.79, -4.4665
2.8107, -4.4665
2.8314, -4.4665
2.8521, -4.4665
2.8728, -4.4665
2.8935, -4.4665
2.9141, -4.4868
2.9348, -4.4868
2.9555, -4.4868
2.9762, -4.4868
2.9969, -4.507
3.0176, -4.507
3.0383, -4.507
3.059, -4.507
3.0796, -4.507
3.1003, -4.507
3.121, -4.507
3.1417, -4.507
3.1623, -4.5274
3.1831, -4.5274
3.2038, -4.5274
3.2245, -4.5272
3.2452, -4.5272
3.2658, -4.5272
3.2865, -4.5272
3.3072, -4.5476
3.3279, -4.5476
3.3486, -4.5476
3.3693, -4.5476
3.39, -4.5476
3.4107, -4.5476
3.4313, -4.5476
3.452, -4.5476
3.4727, -4.5474
3.4934, -4.5474
3.5141, -4.5474
3.5348, -4.5474
3.5554, -4.5474
3.5762, -4.5474
3.5969, -4.5474
3.6176, -4.5474
3.6381, -4.5474
3.6589, -4.5474
3.6796, -4.527
3.7003, -4.527
3.721, -4.527
3.7417, -4.527
3.7624, -4.5066
3.7831, -4.5066
3.8037, -4.5066
3.8245, -4.4862
3.8452, -4.4658
3.8659, -4.4454
3.8866, -4.4454
3.8866, -4.4251
3.9073, -4.4047
3.928, -4.4047
3.9487, -4.3843
3.9694, -4.3639
3.9901, -4.3435
4.0108, -4.3231
4.0315, -4.3028
4.0522, -4.2824
4.0729, -4.262
4.0936, -4.262
4.0936, -4.2416
4.1143, -4.2212
4.135, -4.2009
4.1557, -4.1804
4.1558, -4.1601
4.1558, -4.1397
4.1558, -4.1194
4.1764, -4.099
4.1764, -4.0786
4.1972, -4.0583
4.1972, -4.0379
4.2179, -4.0175
4.2386, -3.9971
4.2386, -3.9768
4.2593, -3.9564
4.2594, -3.936
4.2801, -3.9156
4.2801, -3.8953
4.3008, -3.8749
4.3215, -3.8545
4.3215, -3.834
4.3422, -3.8138
4.3422, -3.7934
4.3422, -3.773
4.3629, -3.7526
4.3629, -3.7323
4.363, -3.7119
4.3837, -3.6915
4.3837, -3.6712
4.4043, -3.6508
4.4043, -3.6303
4.4043, -3.6099
4.4251, -3.5897
4.4251, -3.5693
4.4458, -3.5489
4.4458, -3.5286
4.4459, -3.5082
4.4459, -3.4878
4.4459, -3.4675
4.4666, -3.4471
4.4666, -3.4267
4.4666, -3.4062
4.4666, -3.386
4.4873, -3.3656
4.4873, -3.3452
4.4874, -3.3249
4.4874, -3.3045
4.5081, -3.2841
4.5081, -3.2637
4.5081, -3.2434
4.5288, -3.223
4.5288, -3.2026
4.5288, -3.1823
4.5495, -3.1619
4.5495, -3.1415
4.5495, -3.1211
4.5703, -3.1008
4.5703, -3.0804
4.5703, -3.06
4.591, -3.0397
4.591, -3.0193
4.591, -2.9989
4.6117, -2.9785
4.6118, -2.9582
4.6118, -2.9378
4.6324, -2.9174
4.6324, -2.8971
4.6324, -2.8767
4.6532, -2.8563
4.6532, -2.8359
4.6532, -2.8155
4.6739, -2.7952
4.6739, -2.7748
4.674, -2.7545
4.6947, -2.7341
4.6947, -2.7137
4.6947, -2.6934
4.6947, -2.673
4.7154, -2.6526
4.7154, -2.6322
4.7154, -2.6118
4.7155, -2.5915
4.7362, -2.5711
4.7362, -2.5508
4.7362, -2.5304
4.7362, -2.51
4.7362, -2.4897
4.7569, -2.4693
4.7569, -2.4489
4.7569, -2.4285
4.7776, -2.4082
4.7776, -2.3878
4.7776, -2.3674
4.7776, -2.3471
4.7776, -2.3267
4.7776, -2.3063
4.7984, -2.2859
4.7984, -2.2656
4.7985, -2.2452
4.7985, -2.2248
4.7985, -2.2045
4.8192, -2.1841
4.8192, -2.1637
4.8192, -2.1434
4.8192, -2.123
4.8192, -2.1026
4.8399, -2.0823
4.8399, -2.0619
4.8399, -2.0415
4.8399, -2.0212
4.8399, -2.0008
4.8399, -1.9804
4.8607, -1.96
4.8607, -1.9397
4.8607, -1.9193
4.8608, -1.8989
4.8608, -1.8786
4.8608, -1.8582
4.8815, -1.8378
4.8815, -1.8175
4.8815, -1.7971
4.8815, -1.7767
4.8815, -1.7564
4.8816, -1.736
4.9022, -1.7156
4.9022, -1.6952
4.9022, -1.6749
4.9022, -1.6545
4.9022, -1.6341
4.9022, -1.6138
4.923, -1.5934
4.9231, -1.573
4.9231, -1.5527
4.9438, -1.5323
4.9438, -1.5119
4.9438, -1.4916
4.9438, -1.4712
4.9438, -1.4508
4.9645, -1.4304
4.9645, -1.4101
4.9646, -1.3897
4.9646, -1.3693
4.9853, -1.349
4.9853, -1.3286
4.9853, -1.3082
4.9853, -1.2879
4.9853, -1.2675
5.006, -1.2471
5.0061, -1.2267
5.0061, -1.2064
5.0268, -1.186
5.0268, -1.1656
5.0268, -1.1453
5.0268, -1.1249
5.0268, -1.1045
5.0475, -1.0841
5.0475, -1.0638
5.0476, -1.0434
5.0476, -1.023
5.0476, -1.0027
5.0683, -0.9823
5.0683, -0.9619
5.0683, -0.9416
5.0683, -0.9212
5.0683, -0.9008
5.0684, -0.8805
5.0684, -0.8601
5.0684, -0.8397
5.0684, -0.8194
5.0891, -0.799
5.0891, -0.7786
5.0891, -0.7583
5.1098, -0.7379
5.1098, -0.7175
5.1099, -0.6971
5.1099, -0.6768
5.1099, -0.6564
5.1099, -0.636
5.1099, -0.6157
5.1099, -0.5953
5.1099, -0.5749
5.11, -0.5546
5.11, -0.5342
5.11, -0.5138
5.11, -0.4935
5.11, -0.4731
5.11, -0.4527
5.11, -0.4324
5.1101, -0.412
5.1101, -0.3916
5.1101, -0.3713
5.1101, -0.3509
5.1101, -0.3305
5.1101, -0.3102
5.1101, -0.2898
5.1102, -0.2694
5.1102, -0.249
5.1102, -0.2287
5.1102, -0.2083
5.1102, -0.188
5.1102, -0.1676
5.1102, -0.1472
5.1103, -0.1269
5.1103, -0.1065
5.1103, -0.0861
5.1103, -0.0658
