0.27382244609, -10.7991891757
0.274480967038, -10.7988599152
0.275140488018, -10.8006486812
0.275801012073, -10.8055260366
0.276462542257, -10.8082609305
0.277125081641, -10.8139341146
0.277788633308, -10.8194452179
0.278453200357, -10.8248027073
0.2791187859, -10.8300144006
0.279785393064, -10.8314982393
0.28045302499, -10.8356418447
0.281121684832, -10.8405613333
0.281791375762, -10.8428064854
0.282462100964, -10.8475409385
0.283133863637, -10.8521592015
0.283806666997, -10.8582572629
0.284480514273, -10.8594995989
0.285155408708, -10.8638321648
0.285831353564, -10.8680658821
0.286508352114, -10.8722048041
0.287186407648, -10.8762527385
0.287865523474, -10.8787893451
0.288545702911, -10.8826933105
0.289226949297, -10.8865153817
0.289909265984, -10.8902586179
0.29059265634, -10.8939259087
0.291277123751, -10.8988163918
0.291962671615, -10.9016811687
0.29264930335, -10.9069946855
0.293337022388, -10.9085041565
0.294025832179, -10.9118196232
0.294715736187, -10.9168513562
0.295406737895, -10.9176828081
0.296098840802, -10.9219817945
0.296792048422, -10.9267447733
0.297486364288, -10.9313897258
0.29818179195, -10.9321359551
0.298878334973, -10.9377078015
0.299575996942, -10.9405213649
0.300274781456, -10.9448308526
0.300974692134, -10.9485398423
0.301675732612, -10.9536493118
0.302377906544, -10.9562195322
0.303081217599, -10.9601774452
0.303785669468, -10.9635854386
0.304491265857, -10.9682988716
0.305198010491, -10.9720044444
0.305905907114, -10.9743149128
0.306614959487, -10.9770281081
0.30732517139, -10.9805545854
0.308036546622, -10.9840123132
0.308749088999, -10.9849124423
0.30946280236, -10.9860122568
0.310177690557, -10.9904748077
0.310893757466, -10.9964142357
0.31161100698, -10.999573825
0.312329443011, -11.0019121229
0.313049069492, -11.0061000621
0.313769890375, -11.0098263756
0.31449190963, -11.0123899522
0.315215131249, -11.0152720949
0.315939559243, -11.0191608599
0.316665197644, -11.0212398828
0.317392050503, -11.0208764563
0.318120121892, -11.0220677995
0.318849415904, -11.0255435457
0.319579936651, -11.0299472664
0.320311688268, -11.0323769635
0.321044674909, -11.0363778245
0.321778900751, -11.0385579225
0.32251436999, -11.0397671537
0.323251086845, -11.0428283276
0.323989055556, -11.0464438081
0.324728280385, -11.047587423
0.325468765614, -11.0496166218
0.32621051555, -11.0492457469
0.32695353452, -11.0522042143
0.327697826873, -11.0561220745
0.328443396982, -11.0588943341
0.329190249242, -11.0593708004
0.329938388069, -11.0615266304
0.330687817905, -11.0643422549
0.331438543212, -11.0676532275
0.332190568477, -11.0701685198
0.332943898209, -11.0739596223
0.333698536943, -11.0763170269
0.334454489234, -11.0782559965
0.335211759665, -11.0800431188
0.335970352839, -11.083558381
0.336730273387, -11.0873710588
0.33749152596, -11.0891777203
0.338254115237, -11.0906024847
0.339018045921, -11.0921305679
0.339783322739, -11.0939945041
0.340549950444, -11.095718296
0.341317933813, -11.0960321535
0.342087277649, -11.0981872444
0.342857986781, -11.099630509
0.343630066063, -11.101621398
0.344403520376, -11.1049180585
0.345178354626, -11.1090216145
0.345954573746, -11.1096070185
0.346732182695, -11.1096494897
0.347511186459, -11.1116168138
0.34829159005, -11.1141371218
0.34907339851, -11.1160988651
0.349856616904, -11.1175711921
0.350641250328, -11.1196394937
0.351427303903, -11.1212758952
0.352214782781, -11.1226925647
0.353003692138, -11.1243913519
0.353794037182, -11.1268540695
0.354585823148, -11.1287952097
0.355379055299, -11.1301350091
0.356173738928, -11.1315556103
0.356969879356, -11.1340913674
0.357767481934, -11.1360300186
0.358566552044, -11.1379430426
0.359367095094, -11.1391926948
0.360169116526, -11.1410626443
0.360972621809, -11.1434442932
0.361777616446, -11.1446417419
0.362584105966, -11.1459146369
0.363392095933, -11.1484781343
0.36420159194, -11.1505728265
0.365012599611, -11.1517043524
0.365825124604, -11.153077648
0.366639172606, -11.155104377
0.367454749337, -11.1566903034
0.368271860551, -11.1582573239
0.369090512032, -11.1594806918
0.369910709597, -11.1612554356
0.370732459099, -11.1626885396
0.37155576642, -11.1639469517
0.372380637479, -11.1662897293
0.373207078226, -11.1684426477
0.374035094649, -11.1701058831
0.374864692765, -11.1711410271
0.37569587863, -11.1730705412
0.376528658333, -11.1743031891
0.377363037998, -11.1755226083
0.378199023784, -11.1770964675
0.379036621887, -11.1790149637
0.379875838538, -11.1809796279
0.380716680005, -11.1821343012
0.381559152591, -11.1832768161
0.382403262637, -11.1846884285
0.383249016521, -11.1863622583
0.384096420657, -11.187601466
0.384945481498, -11.1886901629
0.385796205534, -11.1899716737
0.386648599296, -11.191778199
0.387502669348, -11.1926932402
0.388358422299, -11.1940641087
0.389215864793, -11.1957481167
0.390075003514, -11.1977360382
0.390935845187, -11.1998891962
0.391798396576, -11.2009934407
0.392662664487, -11.2021493439
0.393528655765, -11.2038576088
0.394396377296, -11.2052335788
0.395265836009, -11.2065629001
0.396137038873, -11.2085487553
0.397009992899, -11.209206834
0.397884705142, -11.2098585441
0.398761182699, -11.2110137779
0.399639432709, -11.2131652643
0.400519462355, -11.2144940394
0.401401278865, -11.215691103
0.402284889509, -11.2175680302
0.403170301604, -11.2185047713
0.404057522509, -11.2190900258
0.40494655963, -11.2196127571
0.405837420418, -11.2211452593
0.40673011237, -11.2225474628
0.40762464303, -11.2239331433
0.408521019988, -11.2248771715
0.409419250881, -11.2275527191
0.410319343394, -11.2295246627
0.411221305259, -11.2309151081
0.412125144257, -11.2315758157
0.413030868218, -11.23288719
0.41393848502, -11.2348044112
0.414848002592, -11.2358996036
0.415759428912, -11.2363685784
0.416672772007, -11.2363973308
0.417588039958, -11.2382049433
0.418505240895, -11.2394605394
0.419424382998, -11.2400530161
0.420345474503, -11.2414079967
0.421268523697, -11.2430926928
0.422193538917, -11.243755937
0.423120528558, -11.244389074
0.424049501066, -11.2461456123
0.424980464942, -11.2473812114
0.425913428742, -11.2478667137
0.426848401077, -11.2490325972
0.427785390614, -11.2505573949
0.428724406076, -11.2510665544
0.429665456243, -11.2518478691
0.430608549951, -11.2534706277
0.431553696095, -11.2549344402
0.432500903628, -11.2559532632
0.433450181563, -11.2565127677
0.434401538968, -11.2576459255
0.435354984975, -11.2591848048
0.436310528775, -11.2605309392
0.43726817962, -11.2612073871
0.438227946821, -11.262569809
0.439189839754, -11.263679377
0.440153867857, -11.2649038333
0.441120040629, -11.2656073468
0.442088367634, -11.2668071564
0.4430588585, -11.2669918606
0.44403152292, -11.2682958427
0.445006370651, -11.2692960175
0.445983411518, -11.2706740098
0.446962655409, -11.2719734519
0.447944112283, -11.2729951409
0.448927792165, -11.2731858389
0.449913705146, -11.2740913882
0.45090186139, -11.275382255
0.451892271128, -11.2761867473
0.452884944662, -11.2766495485
0.453879892364, -11.2777692239
0.454877124678, -11.277890586
0.45587665212, -11.2782789513
0.456878485279, -11.2799452077
0.457882634817, -11.2818139285
0.458889111472, -11.2819889226
0.459897926053, -11.2822551251
0.460909089448, -11.2834478178
0.461922612619, -11.2839800402
0.462938506607, -11.2843587113
0.46395678253, -11.284732586
0.464977451582, -11.2850651158
0.46600052504, -11.2857572202
0.467026014257, -11.2857531025
0.468053930671, -11.2859998577
0.469084285797, -11.2867998453
0.470117091234, -11.2878420628
0.471152358666, -11.2882858106
0.472190099857, -11.2884225072
0.473230326659, -11.2890512377
0.474273051006, -11.2893036436
0.47531828492, -11.2899365336
0.476366040511, -11.2901795917
0.477416329976, -11.2900021608
0.478469165599, -11.289892266
0.479524559756, -11.2899878592
0.480582524913, -11.2900803829
0.481643073625, -11.2902385911
0.482706218542, -11.2905303267
0.483771972407, -11.29020279
0.484840348055, -11.290078701
0.485911358418, -11.2900206675
0.486985016522, -11.2896881483
0.488061335491, -11.2895580326
0.489140328548, -11.289018536
0.490222009012, -11.2886814305
0.491306390304, -11.2883427836
0.492393485946, -11.288002589
0.493483309559, -11.28766084
0.494575874869, -11.2875203138
0.495671195707, -11.2869726534
0.496769286006, -11.286558692
0.497870159807, -11.286143255
0.498973831257, -11.2855914192
0.500080314612, -11.2850381776
0.501189624236, -11.2844835228
0.502301774606, -11.2839274476
0.503416780307, -11.2830998611
0.504534656038, -11.2825409232
0.505655416613, -11.2819805429
0.506779076961, -11.2814187127
0.507905652124, -11.2808554251
0.509035157265, -11.2802906726
0.510167607664, -11.279318691
0.511303018721, -11.2787509854
0.512441405957, -11.2777752758
0.513582785016, -11.2772045863
0.514727171664, -11.276632393
0.515874581795, -11.2756514094
0.517025031427, -11.2750761846
0.518178536705, -11.2740913882
0.519335113905, -11.2729678457
0.520494779432, -11.2716360463
0.521657549824, -11.2706433973
0.52282344175, -11.2694420914
0.523992472017, -11.2687199235
0.525164657565, -11.2673751767
0.526340015473, -11.2663725666
0.527518562959, -11.2651594057
0.52870031738, -11.2639080305
0.529885296238, -11.2622335547
0.531073517176, -11.2607277961
0.532264997983, -11.2592871238
0.533459756596, -11.2579477224
0.534657811099, -11.2562130966
0.535859179727, -11.2546496099
0.537063880865, -11.253617973
0.538271933054, -11.2524402419
0.539483354988, -11.2509350713
0.54069816552, -11.2493520465
0.541916383659, -11.2479999775
0.543138028577, -11.2458018741
0.544363119607, -11.2439219957
0.545591676245, -11.2419232871
0.546823718154, -11.2407878636
0.548059265167, -11.2392767851
0.549298337282, -11.2376298816
0.550540954673, -11.2357110815
0.551787137686, -11.2342751845
0.553036906841, -11.231998728
0.55429028284, -11.2300717532
0.555547286559, -11.2284821661
0.556807939061, -11.2270025518
0.55807226159, -11.2246430703
0.559340275576, -11.222285185
0.56061200264, -11.2201713672
0.56188746459, -11.2187011218
0.563166683429, -11.2162362925
0.564449681355, -11.2133173873
0.565736480761, -11.2095478
0.567027104243, -11.2079460541
0.568321574596, -11.2049250032
0.569619914821, -11.2023895508
0.570922148126, -11.2000290302
0.572228297928, -11.1981754075
0.573538387857, -11.1950819254
0.574852441754, -11.1915118044
0.576170483682, -11.1888440975
0.577492537921, -11.1872107017
0.578818628972, -11.1845450544
0.580148781564, -11.1813454961
0.581483020653, -11.177826335
0.582821371426, -11.1757999965
0.584163859301, -11.1730974536
0.585510509937, -11.1692636506
0.586861349227, -11.1661543582
0.588216403312, -11.1640967752
0.589575698575, -11.1595937306
0.590939261648, -11.1556586426
0.592307119415, -11.1515286703
0.593679299014, -11.1484886138
0.595055827843, -11.1432458498
0.596436733559, -11.1395975135
0.597822044086, -11.1354258973
0.599211787614, -11.1326867846
0.600605992606, -11.1271243134
0.602004687798, -11.1219582393
0.603407902208, -11.116732351
0.604815665132, -11.1127858934
0.606228006155, -11.1094858333
0.607644955151, -11.1059440768
0.609066542286, -11.0969485309
0.610492798024, -11.0926662052
0.61192375313, -11.0831493569
0.613359438675, -11.0756134065
0.614799886039, -11.0679275588
0.616245126913, -11.065544797
0.617695193308, -11.0541022061
0.619150117556, -11.0466374467
0.620609932315, -11.0306495409
0.622074670573, -11.0242028325
0.623544365654, -11.0023089643
0.62501905122, -10.9806336566
0.626498761278, -10.9461499332
0.627983530184, -10.9355825887
0.629473392646, -10.9059553812
0.630968383733, -10.8757401642
