#DataThief C:\Users\jsuzuki\Dropbox\workspace\HP\analysis\thiefdata\Redo-rev.png ‹à—j“ú 21-6-2013 4:24:18 ŒßŒã
-4.3818, -7.143
-4.3663, -7.1572
-4.3507, -7.1715
-4.3352, -7.1857
-4.3352, -7.1999
-4.3197, -7.1999
-4.3042, -7.2142
-4.3042, -7.2284
-4.2886, -7.2426
-4.2731, -7.2426
-4.2731, -7.2569
-4.2576, -7.2711
-4.2421, -7.2852
-4.2265, -7.2995
-4.211, -7.3138
-4.211, -7.3281
-4.1955, -7.3281
-4.1799, -7.3423
-4.1644, -7.3565
-4.1489, -7.3708
-4.1334, -7.385
-4.1334, -7.3992
-4.1178, -7.3992
-4.1023, -7.4135
-4.1023, -7.4277
-4.0868, -7.4419
-4.0712, -7.4419
-4.0712, -7.4562
-4.0557, -7.4704
-4.0402, -7.4846
-4.0247, -7.4989
-4.0091, -7.5131
-4.0091, -7.5274
-3.9936, -7.5274
-3.9781, -7.5415
-3.9781, -7.5558
-3.9625, -7.5558
-3.947, -7.5701
-3.947, -7.5843
-3.9315, -7.5985
-3.916, -7.5985
-3.916, -7.6128
-3.9003, -7.627
-3.8849, -7.6412
-3.8694, -7.6555
-3.8538, -7.6697
-3.8538, -7.6839
-3.8383, -7.6839
-3.8228, -7.6982
-3.8228, -7.7124
-3.8073, -7.7267
-3.7917, -7.7266
-3.7762, -7.7409
-3.7762, -7.7551
-3.7607, -7.7551
-3.7452, -7.7694
-3.7452, -7.7835
-3.7296, -7.7978
-3.7141, -7.7978
-3.7141, -7.8121
-3.6985, -7.8263
-3.683, -7.8405
-3.6675, -7.8548
-3.652, -7.869
-3.652, -7.8832
-3.6364, -7.8832
-3.6209, -7.8975
-3.6209, -7.9117
-3.6054, -7.926
-3.5899, -7.9259
-3.5899, -7.9402
-3.5744, -7.9544
-3.5588, -7.9544
-3.5588, -7.9687
-3.5433, -7.9828
-3.5278, -7.9971
-3.5122, -8.0114
-3.4967, -8.0256
-3.4967, -8.0398
-3.4812, -8.0398
-3.4657, -8.0541
-3.4657, -8.0683
-3.4501, -8.0825
-3.4346, -8.0825
-3.4191, -8.0968
-3.4191, -8.111
-3.4035, -8.1253
-3.388, -8.1252
-3.388, -8.1395
-3.3725, -8.1537
-3.357, -8.1537
-3.357, -8.168
-3.3414, -8.1822
-3.3259, -8.1964
-3.3104, -8.2107
-3.2948, -8.2248
-3.2949, -8.2391
-3.2793, -8.2391
-3.2638, -8.2534
-3.2638, -8.2676
-3.2483, -8.2818
-3.2327, -8.2818
-3.2327, -8.2961
-3.2172, -8.3103
-3.2017, -8.3246
-3.1862, -8.3388
-3.1706, -8.353
-3.1551, -8.3673
-3.1396, -8.3815
-3.1396, -8.3957
-3.124, -8.3957
-3.1085, -8.41
-3.1085, -8.4242
-3.093, -8.4384
-3.0775, -8.4384
-3.0775, -8.4527
-3.0619, -8.4668
-3.0464, -8.4811
-3.0309, -8.4811
-3.0309, -8.4954
-3.0153, -8.5096
-2.9998, -8.5239
-2.9843, -8.5381
-2.9687, -8.5523
-2.9532, -8.5666
-2.9377, -8.5808
-2.9377, -8.595
-2.9222, -8.595
-2.9066, -8.6093
-2.9066, -8.6235
-2.8911, -8.6377
-2.8756, -8.6377
-2.8756, -8.652
-2.8601, -8.6662
-2.8445, -8.6804
-2.829, -8.6947
-2.8135, -8.7088
-2.8135, -8.7231
-2.798, -8.7231
-2.7824, -8.7374
-2.7824, -8.7516
-2.7669, -8.7516
-2.7513, -8.7659
-2.7513, -8.7801
-2.7358, -8.7943
-2.7203, -8.7943
-2.7203, -8.8086
-2.7048, -8.8228
-2.6893, -8.837
-2.6737, -8.8513
-2.6582, -8.8655
-2.6427, -8.8797
-2.6271, -8.894
-2.6116, -8.9082
-2.6116, -8.9224
-2.596, -8.9224
-2.5806, -8.9367
-2.5806, -8.9508
-2.565, -8.9508
-2.5495, -8.9651
-2.5495, -8.9794
-2.534, -8.9936
-2.5184, -8.9936
-2.5184, -9.0079
-2.5029, -9.0221
-2.4874, -9.0363
-2.4719, -9.0506
-2.4563, -9.0648
-2.4563, -9.079
-2.4408, -9.079
-2.4253, -9.0933
-2.4253, -9.1075
-2.4098, -9.1218
-2.3942, -9.1217
-2.3942, -9.136
-2.3787, -9.1502
-2.3632, -9.1645
-2.3476, -9.1787
-2.3321, -9.1929
-2.3166, -9.2072
-2.3011, -9.2214
-2.2854, -9.2356
-2.27, -9.2499
-2.2545, -9.2641
-2.2545, -9.2783
-2.2389, -9.2783
-2.2234, -9.2926
-2.2234, -9.3068
-2.2079, -9.3211
-2.1924, -9.321
-2.1924, -9.3353
-2.1768, -9.3495
-2.1613, -9.3638
-2.1458, -9.378
-2.1302, -9.3921
-2.1147, -9.4064
-2.0992, -9.4207
-2.0992, -9.4349
-2.0836, -9.4349
-2.0681, -9.4492
-2.0681, -9.4634
-2.0526, -9.4776
-2.0371, -9.4776
-2.0371, -9.4919
-2.0216, -9.5061
-2.006, -9.5204
-1.9905, -9.5346
-1.975, -9.5488
-1.975, -9.5631
-1.9594, -9.5631
-1.9439, -9.5773
-1.9439, -9.5915
-1.9284, -9.5915
-1.9129, -9.6058
-1.8973, -9.62
-1.8973, -9.6341
-1.8818, -9.6341
-1.8662, -9.6484
-1.8662, -9.6627
-1.8507, -9.6768
-1.8352, -9.6768
-1.8352, -9.6912
-1.8197, -9.7054
-1.8042, -9.7197
-1.7886, -9.7339
-1.7731, -9.7481
-1.7731, -9.7624
-1.7576, -9.7624
-1.742, -9.7766
-1.7421, -9.7908
-1.7265, -9.7908
-1.7109, -9.8051
-1.7109, -9.8193
-1.6955, -9.8335
-1.6799, -9.8335
-1.6799, -9.8477
-1.6644, -9.862
-1.6489, -9.8761
-1.6334, -9.8904
-1.6178, -9.9047
-1.6178, -9.919
-1.6023, -9.919
-1.5868, -9.9332
-1.5868, -9.9474
-1.5712, -9.9617
-1.5556, -9.9617
-1.5556, -9.9759
-1.5402, -9.9901
-1.5247, -9.9901
-1.5091, -10.0044
-1.5091, -10.0186
-1.4936, -10.0328
-1.4781, -10.0328
-1.4781, -10.0471
-1.4625, -10.0613
-1.447, -10.0755
-1.4315, -10.0898
-1.416, -10.104
-1.416, -10.1183
-1.4003, -10.1183
-1.3849, -10.1325
-1.3849, -10.1467
-1.3694, -10.161
-1.3538, -10.161
-1.3538, -10.1752
-1.3383, -10.1894
-1.3228, -10.1894
-1.3228, -10.2037
-1.3073, -10.2179
-1.2917, -10.2321
-1.2762, -10.2464
-1.2607, -10.2606
-1.2607, -10.2748
-1.2452, -10.2748
-1.2296, -10.2891
-1.2296, -10.3033
-1.2141, -10.3176
-1.1985, -10.3176
-1.1985, -10.3317
-1.183, -10.346
-1.1675, -10.3603
-1.152, -10.3603
-1.152, -10.3745
-1.1365, -10.3887
-1.1209, -10.3887
-1.1209, -10.403
-1.1054, -10.4172
-1.0899, -10.4314
-1.0743, -10.4457
-1.0588, -10.4599
-1.0588, -10.4741
-1.0433, -10.4741
-1.0278, -10.4884
-1.0278, -10.5026
-1.0122, -10.5169
-0.9967, -10.5168
-0.9967, -10.5311
-0.9811, -10.5453
-0.9657, -10.5596
-0.9501, -10.5737
-0.9346, -10.588
-0.9191, -10.6023
-0.9035, -10.6165
-0.9035, -10.6307
-0.888, -10.6307
-0.8725, -10.645
-0.8725, -10.6592
-0.857, -10.6734
-0.8414, -10.6734
-0.8414, -10.6877
-0.8258, -10.7019
-0.8104, -10.7162
-0.7948, -10.7304
-0.7793, -10.7446
-0.7638, -10.7589
-0.7483, -10.7731
-0.7327, -10.7873
-0.7172, -10.8016
-0.7017, -10.8157
-0.7017, -10.83
-0.6861, -10.83
-0.6705, -10.8443
-0.6705, -10.8585
-0.6551, -10.8727
-0.6396, -10.8727
-0.6396, -10.887
-0.624, -10.9012
-0.6085, -10.9155
-0.593, -10.9297
-0.5775, -10.9439
-0.5775, -10.9582
-0.5619, -10.9582
-0.5464, -10.9724
-0.5464, -10.9866
-0.5309, -10.9866
-0.5152, -11.0009
-0.5152, -11.0151
-0.4998, -11.0293
-0.4843, -11.0293
-0.4843, -11.0436
-0.4687, -11.0578
-0.4532, -11.072
-0.4377, -11.0863
-0.4222, -11.1005
-0.4222, -11.1148
-0.4066, -11.1148
-0.3911, -11.129
-0.3756, -11.1432
-0.3756, -11.1575
-0.3601, -11.1575
-0.3445, -11.1717
-0.3445, -11.1859
-0.329, -11.1859
-0.3135, -11.2002
-0.3135, -11.2144
-0.298, -11.2286
-0.2824, -11.2286
-0.2824, -11.2429
-0.2669, -11.257
-0.2514, -11.2713
-0.2358, -11.2856
-0.2203, -11.2998
-0.2203, -11.3141
-0.2048, -11.3141
-0.1893, -11.3283
-0.1893, -11.3425
-0.1737, -11.3568
-0.1582, -11.3568
-0.1582, -11.371
-0.1427, -11.3852
-0.1271, -11.3852
-0.1271, -11.3995
-0.1116, -11.4137
-0.0961, -11.4279
-0.0806, -11.4422
-0.065, -11.4564
-0.065, -11.4706
-0.0495, -11.4706
-0.034, -11.4849
-0.0184, -11.499
-0.0185, -11.5133
-2.9178e-3, -11.5133
0.0126, -11.5276
0.0126, -11.5417
0.0281, -11.5561
0.0437, -11.5561
0.0437, -11.5703
0.0592, -11.5845
0.0747, -11.5845
0.0747, -11.5988
0.0902, -11.613
0.1058, -11.6272
0.1213, -11.6415
0.1368, -11.6557
0.1368, -11.6699
0.1524, -11.6699
0.1679, -11.6842
0.1679, -11.6984
0.1834, -11.7127
0.1989, -11.7127
0.1989, -11.7269
0.2145, -11.741
0.23, -11.7553
0.2455, -11.7696
0.261, -11.7838
0.2766, -11.7981
0.2921, -11.8123
0.2921, -11.8265
0.3075, -11.8265
0.3232, -11.8408
0.3232, -11.855
0.3387, -11.8692
0.3542, -11.8692
0.3698, -11.8835
0.3697, -11.8977
0.3853, -11.912
0.4008, -11.9119
0.4008, -11.9262
0.4163, -11.9404
0.4319, -11.9546
0.4474, -11.9689
0.4628, -11.983
0.4784, -11.9973
0.494, -12.0116
0.494, -12.0258
0.5095, -12.0258
0.525, -12.0401
0.525, -12.0543
0.5406, -12.0685
0.5561, -12.0685
0.5561, -12.0828
0.5716, -12.097
0.5871, -12.1113
0.6027, -12.1255
0.6181, -12.1397
0.6181, -12.154
0.6337, -12.154
0.6493, -12.1682
0.6492, -12.1824
0.6648, -12.1824
0.6803, -12.1967
0.6803, -12.2109
0.6958, -12.2251
0.7114, -12.2251
0.7114, -12.2394
0.7269, -12.2536
0.7424, -12.2678
0.758, -12.2678
0.7579, -12.2821
0.7734, -12.2963
0.789, -12.2963
0.8045, -12.3105
