#DataThief /Users/nozomu/Desktop/MCC.png 金曜日 16-12-2016 6:55:32 午後
1.3969, -10.1658
1.4029, -10.1597
1.4089, -10.1536
1.4149, -10.1537
1.4209, -10.1476
1.4269, -10.1476
1.4329, -10.1416
1.4388, -10.1416
1.4447, -10.1416
1.4447, -10.1355
1.4508, -10.1295
1.4567, -10.1234
1.4628, -10.1174
1.4687, -10.1174
1.4748, -10.1113
1.4808, -10.1053
1.4808, -10.0992
1.4868, -10.0932
1.4928, -10.0871
1.4988, -10.0871
1.5048, -10.0811
1.5108, -10.075
1.5168, -10.069
1.5228, -10.0629
1.5288, -10.0569
1.5348, -10.0508
1.5408, -10.0448
1.5408, -10.0387
1.5468, -10.0387
1.5468, -10.0326
1.5528, -10.0327
1.5528, -10.0266
1.5588, -10.0266
1.5588, -10.0205
1.5589, -10.0145
1.5589, -10.0084
1.5649, -10.0024
1.5709, -9.9963
1.5769, -9.9903
1.5769, -9.9842
1.5829, -9.9842
1.5889, -9.9842
1.5948, -9.9842
1.5949, -9.9782
1.6008, -9.9782
1.6068, -9.9782
1.6128, -9.9782
1.6188, -9.9721
1.6248, -9.9661
1.6308, -9.96
1.6368, -9.9601
1.6428, -9.954
1.6488, -9.948
1.6548, -9.9419
1.6608, -9.9358
1.6667, -9.9359
1.6728, -9.9298
1.6787, -9.9238
1.6848, -9.9177
1.6907, -9.9117
1.6968, -9.9056
1.7027, -9.8995
1.7088, -9.8935
1.7147, -9.8874
1.7208, -9.8814
1.7268, -9.8753
1.7328, -9.8693
1.7388, -9.8632
1.7448, -9.8572
1.7508, -9.8511
1.7568, -9.8451
1.7628, -9.839
1.7688, -9.833
1.7748, -9.8269
1.7808, -9.8209
1.7868, -9.8148
1.7928, -9.8088
1.7988, -9.8027
1.8048, -9.8027
1.8108, -9.8027
1.8168, -9.7967
1.8228, -9.7967
1.8288, -9.7906
1.8347, -9.7907
1.8407, -9.7907
1.8467, -9.7846
1.8527, -9.7846
1.8527, -9.7786
1.8587, -9.7786
1.8647, -9.7786
1.8647, -9.7725
1.8647, -9.7665
1.8707, -9.7604
1.8767, -9.7544
1.8827, -9.7544
1.8887, -9.7483
1.8947, -9.7423
1.9007, -9.7423
1.9066, -9.7362
1.9127, -9.7302
1.9186, -9.7302
1.9247, -9.7241
1.9306, -9.7181
1.9367, -9.712
1.9426, -9.712
1.9487, -9.706
1.9546, -9.6999
1.9607, -9.6939
1.9667, -9.6878
1.9727, -9.6818
1.9787, -9.6757
1.9847, -9.6757
1.9907, -9.6757
1.9967, -9.6758
2.0027, -9.6697
2.0087, -9.6636
2.0147, -9.6576
2.0206, -9.6576
2.0266, -9.6516
2.0326, -9.6516
2.0386, -9.6455
2.0446, -9.6455
2.0506, -9.6395
2.0566, -9.6395
2.0626, -9.6334
2.0686, -9.6274
2.0746, -9.6213
2.0806, -9.6213
2.0866, -9.6153
2.0926, -9.6092
2.0986, -9.6032
2.1046, -9.5971
2.1106, -9.5971
2.1166, -9.5911
2.1226, -9.585
2.1286, -9.585
2.1346, -9.579
2.1406, -9.579
2.1466, -9.5729
2.1526, -9.5669
2.1586, -9.5608
2.1645, -9.5609
2.1705, -9.5548
2.1764, -9.5488
2.1825, -9.5427
2.1885, -9.5366
2.1945, -9.5306
2.2005, -9.5245
2.2065, -9.5246
2.2125, -9.5185
2.2185, -9.5125
2.2245, -9.5125
2.2305, -9.5064
2.2365, -9.5004
2.2425, -9.4943
2.2485, -9.4883
2.2545, -9.4883
2.2605, -9.4822
2.2665, -9.4762
2.2725, -9.4701
2.2785, -9.4641
2.2845, -9.458
2.2905, -9.458
2.2965, -9.458
2.3025, -9.458
2.3085, -9.458
2.3145, -9.452
2.3205, -9.452
2.3265, -9.4459
2.3324, -9.446
2.3384, -9.4399
2.3444, -9.4339
2.3504, -9.4339
2.3564, -9.4278
2.3624, -9.4218
2.3684, -9.4218
2.3744, -9.4157
2.3804, -9.4097
2.3864, -9.4036
2.3924, -9.3976
2.3984, -9.3915
2.4043, -9.3855
2.4104, -9.3794
2.4163, -9.3734
2.4224, -9.3673
2.4284, -9.3613
2.4284, -9.3552
2.4344, -9.3491
2.4404, -9.3431
2.4464, -9.337
2.4524, -9.337
2.4584, -9.331
2.4644, -9.331
2.4704, -9.331
2.4764, -9.331
2.4824, -9.331
2.4884, -9.331
2.4944, -9.325
2.5003, -9.325
2.5063, -9.325
2.5123, -9.325
2.5183, -9.325
2.5243, -9.319
2.5303, -9.319
2.5363, -9.319
2.5423, -9.319
2.5483, -9.319
2.5543, -9.319
2.5603, -9.313
2.5662, -9.313
2.5722, -9.313
2.5782, -9.313
2.5842, -9.313
2.5901, -9.313
2.5962, -9.313
2.6021, -9.307
2.6082, -9.307
2.6141, -9.307
2.62, -9.307
2.6261, -9.307
2.632, -9.307
2.6381, -9.307
2.6441, -9.307
2.6501, -9.307
2.6561, -9.3071
2.6621, -9.3071
2.6681, -9.301
2.674, -9.301
2.68, -9.295
2.6861, -9.2889
2.692, -9.2889
2.698, -9.2889
2.704, -9.2889
2.71, -9.289
2.716, -9.289
2.722, -9.289
2.728, -9.289
2.734, -9.289
2.7399, -9.289
2.7459, -9.2829
2.7519, -9.283
2.7579, -9.2769
2.7639, -9.2709
2.7699, -9.2709
2.7759, -9.2648
2.7819, -9.2648
2.7879, -9.2588
2.7939, -9.2588
2.7999, -9.2527
2.8058, -9.2527
2.8119, -9.2467
2.8178, -9.2467
2.8239, -9.2406
2.8298, -9.2346
2.8359, -9.2346
2.8418, -9.2346
2.8477, -9.2286
2.8538, -9.2225
2.8598, -9.2225
2.8658, -9.2165
2.8718, -9.2165
2.8778, -9.2104
2.8838, -9.2044
2.8898, -9.1983
2.8958, -9.1923
2.9018, -9.1923
2.9078, -9.1862
2.9138, -9.1802
2.9198, -9.1802
2.9258, -9.1741
2.9318, -9.1681
2.9378, -9.1681
2.9438, -9.1681
2.9438, -9.162
2.9498, -9.162
2.9498, -9.156
2.9558, -9.1499
2.9558, -9.1439
2.9558, -9.1378
2.9618, -9.1318
2.9678, -9.1318
2.9738, -9.1318
2.9798, -9.1257
2.9858, -9.1257
2.9918, -9.1257
2.9978, -9.1258
3.0038, -9.1197
3.0098, -9.1137
3.0157, -9.1137
3.0217, -9.1076
3.0277, -9.1076
3.0337, -9.1016
3.0397, -9.1016
3.0457, -9.1016
3.0517, -9.0955
3.0577, -9.0955
3.0637, -9.0895
3.0697, -9.0895
3.0757, -9.0834
3.0817, -9.0835
3.0877, -9.0835
3.0937, -9.0774
3.0996, -9.0774
3.1056, -9.0714
3.1116, -9.0714
3.1176, -9.0653
3.1236, -9.0653
3.1296, -9.0653
3.1356, -9.0593
3.1416, -9.0593
3.1476, -9.0533
3.1536, -9.0533
3.1596, -9.0472
3.1656, -9.0472
3.1716, -9.0472
3.1776, -9.0412
3.1836, -9.0412
3.1896, -9.0351
3.1956, -9.0291
3.2016, -9.023
3.2076, -9.017
3.2136, -9.0109
3.2196, -9.0049
3.2256, -8.9988
3.2315, -8.9988
3.2375, -8.9928
3.2435, -8.9928
3.2435, -8.9867
3.2436, -8.9807
3.2496, -8.9746
3.2556, -8.9686
3.2616, -8.9625
3.2676, -8.9565
3.2736, -8.9504
3.2736, -8.9444
3.2796, -8.9383
3.2796, -8.9322
3.2856, -8.9262
3.2916, -8.9201
3.2916, -8.9141
3.2976, -8.908
3.3035, -8.902
3.3096, -8.8959
3.3096, -8.8899
3.3155, -8.8838
3.3155, -8.8778
3.3216, -8.8717
3.3276, -8.8717
3.3336, -8.8657
3.3396, -8.8596
3.3456, -8.8596
3.3516, -8.8536
3.3576, -8.8536
3.3636, -8.8536
3.3696, -8.8536
3.3755, -8.8536
3.3815, -8.8475
3.3875, -8.8476
3.3935, -8.8476
3.3995, -8.8415
3.4055, -8.8355
3.4055, -8.8294
3.4115, -8.8234
3.4175, -8.8173
3.4175, -8.8112
3.4235, -8.8052
3.4295, -8.7991
3.4355, -8.7931
3.4356, -8.787
3.4416, -8.781
3.4476, -8.7749
3.4536, -8.7689
3.4596, -8.7628
3.4596, -8.7568
3.4596, -8.7507
3.4656, -8.7446
3.4716, -8.7447
3.4776, -8.7386
3.4836, -8.7326
3.4836, -8.7265
3.4896, -8.7204
3.4956, -8.7144
3.4956, -8.7083
3.5016, -8.7023
3.5076, -8.7023
3.5076, -8.6962
3.5135, -8.6962
3.5196, -8.6902
3.5255, -8.6841
3.5316, -8.6781
3.5375, -8.672
3.5375, -8.666
3.5436, -8.666
3.5436, -8.6599
3.5495, -8.6539
3.5556, -8.6478
3.5615, -8.6418
3.5676, -8.6357
3.5676, -8.6296
3.5735, -8.6236
3.5796, -8.6175
3.5856, -8.6115
3.5916, -8.6115
3.5916, -8.6054
3.5916, -8.5994
3.5976, -8.5933
3.6036, -8.5873
3.6096, -8.5812
3.6096, -8.5752
3.6156, -8.5691
3.6216, -8.5631
3.6276, -8.557
3.6276, -8.551
3.6336, -8.5449
3.6396, -8.5388
3.6456, -8.5328
3.6516, -8.5267
3.6576, -8.5207
3.6636, -8.5146
3.6637, -8.5086
3.6697, -8.5025
3.6757, -8.4965
3.6817, -8.4904
3.6876, -8.4904
3.6936, -8.4904
3.6996, -8.4905
3.7056, -8.4844
3.7056, -8.4783
3.7116, -8.4784
3.7116, -8.4723
3.7116, -8.4662
3.7176, -8.4662
3.7236, -8.4662
3.7296, -8.4663
3.7356, -8.4602
3.7416, -8.4542
3.7416, -8.4481
3.7476, -8.442
3.7536, -8.436
3.7596, -8.4299
3.7656, -8.4239
3.7656, -8.4178
3.7715, -8.4118
3.7715, -8.4057
3.7776, -8.4057
3.7776, -8.3997
3.7835, -8.3936
3.7896, -8.3936
3.7896, -8.3876
3.7896, -8.3815
3.7955, -8.3815
3.7957, -8.3754
3.8016, -8.3694
3.8077, -8.3633
3.8136, -8.3573
3.8197, -8.3512
3.8197, -8.3452
3.8256, -8.3391
3.8317, -8.3331
3.8377, -8.327
3.8377, -8.321
3.8437, -8.3149
3.8497, -8.3089
3.8497, -8.3028
3.8557, -8.2968
3.8617, -8.2907
3.8677, -8.2846
3.8737, -8.2786
3.8797, -8.2725
3.8857, -8.2665
3.8917, -8.2604
3.8977, -8.2544
3.9037, -8.2483
3.9097, -8.2423
3.9097, -8.2362
3.9157, -8.2302
3.9157, -8.2241
3.9157, -8.2181
3.9217, -8.212
3.9217, -8.2059
3.9277, -8.206
3.9337, -8.1999
